    18     18      6     27     81     28      6     28    113     64     81      8    149    199    159     15     38     45     19 
  6973   5395   6139   7633   5912   5244   6348   7778   8666   6638   5807   6247  10198   7998   7502   6654   9422   8102   8221 
 17236  13361     86    169   6139   5244   5395   5912   6973   7633   6638   8666   7778  10198   9422   7998   8102   7502   8221   6654   6247   5807   6348  12946  26272      0      0  65535 
     0      0      0      0      0      0      0      0      0      0      0      0      0      0      0      0      0      0      0 
     0      0      0      0      0      0      0      0      0      0      0      0      0      0      0      0      0      0      0 
     0      0      0      0      0      0      0      0      0      0      0      0      0      0      0      0      0      0      0 
0 -1 -1
    22     24      8     32    119     38      8     31    139     79    111     10    172    249    208     20     44     54     23 
  7122   5527   6171   7732   6182   5353   6385   7873   9016   6820   6116   6292  10649   8488   8063   6737   9686   8280   8374 
 17236  13361     86    169   6171   5353   5527   6182   7122   7732   6820   9016   7873  10649   9686   8488   8280   8063   8374   6737   6292   6116   6385  12947  26274      0      0  65535 
     0      0      0      0      0      0      0      0      0      0      0      0      0      0      0      0      0      0      0 
     0      0      0      0      0      0      0      0      0      0      0      0      0      0      0      0      0      0      0 
     0      0      0      0      0      0      0      0      0      0      0      0      0      0      0      0      0      0      0 
0 -1 -1
    27     32      9     39    168     53     10     36    182    101    164     13    213    255    255     28     56     74     32 
  7292   5688   6194   7874   6544   5524   6438   8051   9587   7080   6679   6366  11455   9368   9006   6888  10214   8670   8701 
 17236  13361     86    169   6194   5524   5688   6544   7292   7874   7080   9587   8051  11455  10214   9368   8670   9006   8701   6888   6366   6679   6438  12933  26274      0      0  65535 
     0      0      0      0      0      0      0      0      0      0      0      0      0      0      0      0      0      0      0 
     0      0      0      0      0      0      0      0      0      0      0      0      0      0      0      0      0      0      0 
     0      0      0      0      0      0      0      0      0      0      0      0      0      0      0      0      0      0      0 
0 -1 -1
    30     36     10     43    204     65     12     39    213    117    203     15    241    255    255     34     65     89     38 
  7400   5781   6218   7963   6805   5650   6477   8150   9987   7269   7088   6422  11998   9876   9604   7020  10592   8956   8951 
 17236  13361     86    169   6218   5650   5781   6805   7400   7963   7269   9987   8150  11998  10592   9876   8956   9604   8951   7020   6422   7088   6477  12936  26273      0      0  65535 
     0      0      0      0      0      0      0      0      0      0      0      0      0      0      0      0      0      0      0 
     0      0      0      0      0      0      0      0      0      0      0      0      0      0      0      0      0      0      0 
     0      0      0      0      0      0      0      0      0      0      0      0      0      0      0      0      0      0      0 
0 -1 -1
    35     44     12     50    250     80     15     45    246    132    242     17    255    255    255     42     72    104     45 
  7594   5952   6255   8110   7137   5818   6521   8331  10435   7454   7495   6482  12579  10389  10186   7155  10915   9248   9198 
 17236  13361     86    169   6255   5818   5952   7137   7594   8110   7454  10435   8331  12579  10915  10389   9248  10186   9198   7155   6482   7495   6521  12943  26273      0      0  65535 
     0      0      0      0      0      0      0      0      0      0      0      0      0      0      0      0      0      0      0 
     0      0      0      0      0      0      0      0      0      0      0      0      0      0      0      0      0      0      0 
     0      0      0      0      0      0      0      0      0      0      0      0      0      0      0      0      0      0      0 
0 -1 -1
    39     51     13     57    255     97     16     49    255    149    255     19    255    255    255     49     79    117     50 
  7769   6121   6277   8256   7503   6004   6555   8483  10899   7656   7912   6531  13157  10880  10726   7289  11240   9515   9408 
 17236  13361     86    169   6277   6004   6121   7503   7769   8256   7656  10899   8483  13157  11240  10880   9515  10726   9408   7289   6531   7912   6555  12944  26275      0      0  65535 
     0      0      0      0      0      0      0      0      0      0      0      0      0      0      0      0      0      0      0 
     0      0      0      0      0      0      0      0      0      0      0      0      0      0      0      0      0      0      0 
     0      0      0      0      0      0      0      0      0      0      0      0      0      0      0      0      0      0      0 
0 -1 -1
    43     59     14     63    255    110     18     54    255    161    255     22    255    255    255     55     85    128     55 
  7930   6282   6308   8389   7794   6147   6596   8638  11262   7797   8248   6589  13604  11281  11165   7410  11477   9728   9585 
 17236  13361     86    169   6308   6147   6282   7794   7930   8389   7797  11262   8638  13604  11477  11281   9728  11165   9585   7410   6589   8248   6596  12937  26273      0      0  65535 
     0      0      0      0      0      0      0      0      0      0      0      0      0      0      0      0      0      0      0 
     0      0      0      0      0      0      0      0      0      0      0      0      0      0      0      0      0      0      0 
     0      0      0      0      0      0      0      0      0      0      0      0      0      0      0      0      0      0      0 
0 -1 -1
    48     67     16     71    255    125     20     59    255    177    255     24    255    255    255     63     93    143     60 
  8121   6474   6342   8564   8177   6316   6638   8824  11748   7993   8700   6650  14190  11817  11750   7556  11827  10007   9790 
 17236  13361     86    169   6342   6316   6474   8177   8121   8564   7993  11748   8824  14190  11827  11817  10007  11750   9790   7556   6650   8700   6638  12930  26272      0      0  65535 
     0      0      0      0      0      0      0      0      0      0      0      0      0      0      0      0      0      0      0 
     0      0      0      0      0      0      0      0      0      0      0      0      0      0      0      0      0      0      0 
     0      0      0      0      0      0      0      0      0      0      0      0      0      0      0      0      0      0      0 
0 -1 -1
    53     76     18     80    255    141     23     65    255    194    255     27    255    255    255     71    100    156     66 
  8324   6675   6391   8746   8588   6497   6693   9020  12237   8186   9143   6731  14758  12315  12327   7714  12138  10277   9996 
 17236  13361     86    169   6391   6497   6675   8588   8324   8746   8186  12237   9020  14758  12138  12315  10277  12327   9996   7714   6731   9143   6693  12931  26274      0      0  65535 
     0      0      0      0      0      0      0      0      0      0      0      0      0      0      0      0      0      0      0 
     0      0      0      0      0      0      0      0      0      0      0      0      0      0      0      0      0      0      0 
     0      0      0      0      0      0      0      0      0      0      0      0      0      0      0      0      0      0      0 
0 -1 -1
    58     83     20     86    255    154     25     68    255    205    255     29    255    255    255     78    105    166     70 
  8479   6829   6429   8879   8902   6636   6733   9129  12562   8320   9443   6783  15136  12636  12705   7838  12350  10459  10139 
 17236  13361     86    169   6429   6636   6829   8902   8479   8879   8320  12562   9129  15136  12350  12636  10459  12705  10139   7838   6783   9443   6733  12941  26273      0      0  65535 
     0      0      0      0      0      0      0      0      0      0      0      0      0      0      0      0      0      0      0 
     0      0      0      0      0      0      0      0      0      0      0      0      0      0      0      0      0      0      0 
     0      0      0      0      0      0      0      0      0      0      0      0      0      0      0      0      0      0      0 
0 -1 -1
    64     94     23     96    255    176     29     74    255    224    255     33    255    255    255     89    113    184     76 
  8716   7064   6488   9089   9376   6884   6804   9331  13080   8550   9996   6887  15777  13179  13392   8060  12729  10813  10397 
 17236  13361     86    168   6488   6884   7064   9376   8716   9089   8550  13080   9331  15777  12729  13179  10813  13392  10397   8060   6887   9996   6804  12905  26273      0      0  65535 
     0      0      0      0      0      0      0      0      0      0      0      0      0      0      0      0      0      0      0 
     0      0      0      0      0      0      0      0      0      0      0      0      0      0      0      0      0      0      0 
     0      0      0      0      0      0      0      0      0      0      0      0      0      0      0      0      0      0      0 
0 -1 -1
    66    100     24    100    255    185     31     75    255    237    255     35    255    255    255     97    117    193     79 
  8807   7185   6507   9176   9611   6985   6841   9370  13303   8701  10285   6927  16089  13397  13712   8198  12899  10986  10494 
 17236  13361     86    168   6507   6985   7185   9611   8807   9176   8701  13303   9370  16089  12899  13397  10986  13712  10494   8198   6927  10285   6841  12932  26272      0      0  65535 
     0      0      0      0      0      0      0      0      0      0      0      0      0      0      0      0      0      0      0 
     0      0      0      0      0      0      0      0      0      0      0      0      0      0      0      0      0      0      0 
     0      0      0      0      0      0      0      0      0      0      0      0      0      0      0      0      0      0      0 
0 -1 -1
    68    103     25    103    255    191     32     78    255    242    255     37    255    255    255    101    119    197     81 
  8876   7264   6535   9229   9717   7042   6877   9440  13420   8760  10455   6973  16231  13507  13866   8290  12975  11068  10569 
 17236  13361     86    168   6535   7042   7264   9717   8876   9229   8760  13420   9440  16231  12975  13507  11068  13866  10569   8290   6973  10455   6877  12930  26271      0      0  65535 
     0      0      0      0      0      0      0      0      0      0      0      0      0      0      0      0      0      0      0 
     0      0      0      0      0      0      0      0      0      0      0      0      0      0      0      0      0      0      0 
     0      0      0      0      0      0      0      0      0      0      0      0      0      0      0      0      0      0      0 
0 -1 -1
    73    112     27    110    255    204     36     82    255    253    255     40    255    255    255    110    124    208     85 
  9058   7447   6591   9394  10031   7194   6940   9605  13751   8897  10795   7055  16634  13860  14283   8451  13215  11284  10733 
 17236  13361     86    168   6591   7194   7447  10031   9058   9394   8897  13751   9605  16634  13215  13860  11284  14283  10733   8451   7055  10795   6940  12926  26273      0      0  65535 
     0      0      0      0      0      0      0      0      0      0      0      0      0      0      0      0      0      0      0 
     0      0      0      0      0      0      0      0      0      0      0      0      0      0      0      0      0      0      0 
     0      0      0      0      0      0      0      0      0      0      0      0      0      0      0      0      0      0      0 
0 -1 -1
    77    121     30    119    255    219     39     87    255    255    255     44    255    255    255    119    130    219     90 
  9249   7644   6650   9566  10359   7355   7016   9774  14122   9060  11184   7151  17068  14237  14739   8628  13465  11506  10916 
 17236  13361     86    168   6650   7355   7644  10359   9249   9566   9060  14122   9774  17068  13465  14237  11506  14739  10916   8628   7151  11184   7016  12920  26274      0      0  65535 
     0      0      0      0      0      0      0      0      0      0      0      0      0      0      0      0      0      0      0 
     0      0      0      0      0      0      0      0      0      0      0      0      0      0      0      0      0      0      0 
     0      0      0      0      0      0      0      0      0      0      0      0      0      0      0      0      0      0      0 
0 -1 -1
    80    125     32    122    255    226     41     89    255    255    255     45    255    255    255    122    131    222     91 
  9328   7741   6693   9633  10486   7435   7046   9836  14251   9110  11291   7186  17183  14313  14827   8689  13520  11569  10956 
 17236  13361     86    168   6693   7435   7741  10486   9328   9633   9110  14251   9836  17183  13520  14313  11569  14827  10956   8689   7186  11291   7046  12933  26272      0      0  65535 
     0      0      0      0      0      0      0      0      0      0      0      0      0      0      0      0      0      0      0 
     0      0      0      0      0      0      0      0      0      0      0      0      0      0      0      0      0      0      0 
     0      0      0      0      0      0      0      0      0      0      0      0      0      0      0      0      0      0      0 
0 -1 -1
    79    124     32    120    255    224     40     88    255    255    255     44    255    255    255    121    130    220     90 
  9289   7709   6691   9593  10407   7408   7035   9787  14158   9064  11213   7170  17057  14194  14695   8665  13443  11518  10926 
 17236  13361     86    168   6691   7408   7709  10407   9289   9593   9064  14158   9787  17057  13443  14194  11518  14695  10926   8665   7170  11213   7035  12940  26272      0      0  65535 
     0      0      0      0      0      0      0      0      0      0      0      0      0      0      0      0      0      0      0 
     0      0      0      0      0      0      0      0      0      0      0      0      0      0      0      0      0      0      0 
     0      0      0      0      0      0      0      0      0      0      0      0      0      0      0      0      0      0      0 
0 -1 -1
    76    118     31    115    255    216     38     85    255    255    255     42    255    255    255    116    126    213     87 
  9183   7594   6659   9490  10221   7321   6981   9675  13941   8970  10965   7111  16807  13948  14403   8574  13304  11396  10821 
 17236  13361     86    168   6659   7321   7594  10221   9183   9490   8970  13941   9675  16807  13304  13948  11396  14403  10821   8574   7111  10965   6981  12941  26273      0      0  65535 
     0      0      0      0      0      0      0      0      0      0      0      0      0      0      0      0      0      0      0 
     0      0      0      0      0      0      0      0      0      0      0      0      0      0      0      0      0      0      0 
     0      0      0      0      0      0      0      0      0      0      0      0      0      0      0      0      0      0      0 
0 -1 -1
    58     88     22     85    255    162     25     66    255    210    255     29    255    255    255     85    104    168     69 
  8514   6937   6474   8861   9055   6721   6737   9052  12590   8381   9565   6789  15136  12335  12519   7981  12324  10503  10108 
 17236  13361     86    168   6474   6721   6937   9055   8514   8861   8381  12590   9052  15136  12324  12335  10503  12519  10108   7981   6789   9565   6737  12945  26273      0      0  65535 
     0      0      0      0      0      0      0      0      0      0      0      0      0      0      0      0      0      0      0 
     0      0      0      0      0      0      0      0      0      0      0      0      0      0      0      0      0      0      0 
     0      0      0      0      0      0      0      0      0      0      0      0      0      0      0      0      0      0      0 
0 -1 -1
    30     41     11     41    230     74     12     37    215    119    217     15    234    255    255     39     61     88     38 
  7411   5903   6247   7915   6990   5755   6478   8076  10026   7296   7238   6420  11857   9362   9229   7105  10419   8933   8943 
 17236  13361     86    169   6247   5755   5903   6990   7411   7915   7296  10026   8076  11857  10419   9362   8933   9229   8943   7105   6420   7238   6478  12917  26273      0      0  65535 
     0      0      0      0      0      0      0      0      0      0      0      0      0      0      0      0      0      0      0 
     0      0      0      0      0      0      0      0      0      0      0      0      0      0      0      0      0      0      0 
     0      0      0      0      0      0      0      0      0      0      0      0      0      0      0      0      0      0      0 
0 -1 -1
    10     12      5     14     43     18      4     14     53     38     37      6     76     84     70     10     20     26     13 
  6661   5257   6108   7345   5637   5137   6306   7299   7876   6321   5340   6190   8767   6873   6490   6559   8639   7719   7987 
 17236  13361     86    169   6108   5137   5257   5637   6661   7345   6321   7876   7299   8767   8639   6873   7719   6490   7987   6559   6190   5340   6306  12924  26273      0      0  65535 
     0      0      0      0      0      0      0      0      0      0      0      0      0      0      0      0      0      0      0 
     0      0      0      0      0      0      0      0      0      0      0      0      0      0      0      0      0      0      0 
     0      0      0      0      0      0      0      0      0      0      0      0      0      0      0      0      0      0      0 
0 -1 -1
     3      3      2      3      6      4      1      3      8      8      3      1     12     11      8      2      5      5      3 
  6378   5068   6036   7127   5366   4976   6249   6946   7273   5967   4985   6070   7519   6161   5776   6410   7994   7309   7606 
 17236  13361     86    169   6036   4976   5068   5366   6378   7127   5967   7273   6946   7519   7994   6161   7309   5776   7606   6410   6070   4985   6249  12937  26272      0      0  65535 
     0      0      0      0      0      0      0      0      0      0      0      0      0      0      0      0      0      0      0 
     0      0      0      0      0      0      0      0      0      0      0      0      0      0      0      0      0      0      0 
     0      0      0      0      0      0      0      0      0      0      0      0      0      0      0      0      0      0      0 
0 -1 -1
     0      1      0      0      1      1      0      0      1      1      0      0      2      2      1      0      1      1      0 
  6277   5005   6003   7065   5330   4942   6234   6846   7185   5880   4955   6040   7311   6069   5691   6373   7787   7232   7502 
 17236  13361     86    170   6003   4942   5005   5330   6277   7065   5880   7185   6846   7311   7787   6069   7232   5691   7502   6373   6040   4955   6234  12944  26272      0      0  65535 
     0      0      0      0      0      0      0      0      0      0      0      0      0      0      0      0      0      0      0 
     0      0      0      0      0      0      0      0      0      0      0      0      0      0      0      0      0      0      0 
     0      0      0      0      0      0      0      0      0      0      0      0      0      0      0      0      0      0      0 
0 -1 -1
     0      0      0      0      1      0      0      0      1      1      0      0      0      0      0      0      0      0      0 
  6266   4995   6003   7061   5327   4940   6233   6834   7178   5875   4953   6039   7287   6054   5683   6373   7772   7223   7495 
 17236  13361     86    169   6003   4940   4995   5327   6266   7061   5875   7178   6834   7287   7772   6054   7223   5683   7495   6373   6039   4953   6233  12944  26273      0      0  65535 
     0      0      0      0      0      0      0      0      0      0      0      0      0      0      0      0      0      0      0 
     0      0      0      0      0      0      0      0      0      0      0      0      0      0      0      0      0      0      0 
     0      0      0      0      0      0      0      0      0      0      0      0      0      0      0      0      0      0      0 
0 -1 -1
     0      0      0      0      1      0      0      0      1      1      0      0      0      0      0      0      0      0      0 
  6267   4995   6002   7061   5327   4939   6234   6834   7176   5876   4952   6039   7287   6055   5686   6371   7772   7223   7493 
 17236  13361     86    169   6002   4939   4995   5327   6267   7061   5876   7176   6834   7287   7772   6055   7223   5686   7493   6371   6039   4952   6234  12944  26273      0      0  65535 
     0      0      0      0      0      0      0      0      0      0      0      0      0      0      0      0      0      0      0 
     0      0      0      0      0      0      0      0      0      0      0      0      0      0      0      0      0      0      0 
     0      0      0      0      0      0      0      0      0      0      0      0      0      0      0      0      0      0      0 
0 -1 -1
     0      0      0      0      0      0      0      0      1      1      0      0      0      0      0      0      0      0      0 
  6265   4995   6003   7062   5325   4939   6233   6834   7176   5876   4952   6039   7285   6053   5685   6373   7772   7222   7496 
 17236  13361     86    169   6003   4939   4995   5325   6265   7062   5876   7176   6834   7285   7772   6053   7222   5685   7496   6373   6039   4952   6233  12933  26273      0      0  65535 
     0      0      0      0      0      0      0      0      0      0      0      0      0      0      0      0      0      0      0 
     0      0      0      0      0      0      0      0      0      0      0      0      0      0      0      0      0      0      0 
     0      0      0      0      0      0      0      0      0      0      0      0      0      0      0      0      0      0      0 
0 -1 -1
     0      0      0      0      0      0      0      0      1      0      0      0      0      0      0      0      0      0      0 
  6266   4993   6002   7060   5326   4940   6235   6835   7176   5874   4953   6039   7285   6053   5683   6372   7771   7223   7495 
 17236  13361     86    170   6002   4940   4993   5326   6266   7060   5874   7176   6835   7285   7771   6053   7223   5683   7495   6372   6039   4953   6235  12932  26273      0      0  65535 
     0      0      0      0      0      0      0      0      0      0      0      0      0      0      0      0      0      0      0 
     0      0      0      0      0      0      0      0      0      0      0      0      0      0      0      0      0      0      0 
     0      0      0      0      0      0      0      0      0      0      0      0      0      0      0      0      0      0      0 
0 -1 -1
     0      0      0      0      1      0      0      0      0      0      0      0      0      0      0      0      0      0      0 
  6265   4995   6001   7062   5327   4939   6233   6836   7175   5873   4954   6039   7285   6054   5686   6370   7771   7225   7493 
 17236  13361     86    170   6001   4939   4995   5327   6265   7062   5873   7175   6836   7285   7771   6054   7225   5686   7493   6370   6039   4954   6233  12937  26273      0      0  65535 
     0      0      0      0      0      0      0      0      0      0      0      0      0      0      0      0      0      0      0 
     0      0      0      0      0      0      0      0      0      0      0      0      0      0      0      0      0      0      0 
     0      0      0      0      0      0      0      0      0      0      0      0      0      0      0      0      0      0      0 
0 -1 -1
     0      0      0      0      1      0      0      0      1      1      0      0      0      0      0      0      0      0      0 
  6266   4995   6002   7059   5327   4940   6235   6835   7176   5875   4953   6040   7286   6054   5685   6371   7770   7223   7495 
 17236  13361     86    169   6002   4940   4995   5327   6266   7059   5875   7176   6835   7286   7770   6054   7223   5685   7495   6371   6040   4953   6235  12942  26273      0      0  65535 
     0      0      0      0      0      0      0      0      0      0      0      0      0      0      0      0      0      0      0 
     0      0      0      0      0      0      0      0      0      0      0      0      0      0      0      0      0      0      0 
     0      0      0      0      0      0      0      0      0      0      0      0      0      0      0      0      0      0      0 
0 -1 -1
     0      0      0      0      0      0      0      0      0      0      0      0      0      0      0      0      0      0      0 
  6264   4994   6003   7061   5324   4940   6234   6836   7174   5873   4952   6040   7285   6054   5685   6371   7770   7223   7494 
 17236  13361     86    170   6003   4940   4994   5324   6264   7061   5873   7174   6836   7285   7770   6054   7223   5685   7494   6371   6040   4952   6234  12943  26273      0      0  65535 
     0      0      0      0      0      0      0      0      0      0      0      0      0      0      0      0      0      0      0 
     0      0      0      0      0      0      0      0      0      0      0      0      0      0      0      0      0      0      0 
     0      0      0      0      0      0      0      0      0      0      0      0      0      0      0      0      0      0      0 
0 -1 -1
     0      0      0      0      0      0      0      0      0      0      0      0      0      0      0      0      0      0      0 
  6266   4994   6003   7059   5326   4941   6233   6834   7174   5873   4953   6039   7285   6053   5684   6371   7770   7223   7494 
 17236  13361     86    170   6003   4941   4994   5326   6266   7059   5873   7174   6834   7285   7770   6053   7223   5684   7494   6371   6039   4953   6233  12925  26273      0      0  65535 
     0      0      0      0      0      0      0      0      0      0      0      0      0      0      0      0      0      0      0 
     0      0      0      0      0      0      0      0      0      0      0      0      0      0      0      0      0      0      0 
     0      0      0      0      0      0      0      0      0      0      0      0      0      0      0      0      0      0      0 
0 -1 -1
     0      0      0      0      0      0      0      0      0      1      0      0      0      0      0      0      0      0      0 
  6267   4995   6001   7061   5326   4940   6232   6836   7175   5876   4953   6039   7284   6054   5685   6371   7772   7225   7495 
 17236  13361     86    170   6001   4940   4995   5326   6267   7061   5876   7175   6836   7284   7772   6054   7225   5685   7495   6371   6039   4953   6232  12916  26274      0      0  65535 
     0      0      0      0      0      0      0      0      0      0      0      0      0      0      0      0      0      0      0 
     0      0      0      0      0      0      0      0      0      0      0      0      0      0      0      0      0      0      0 
     0      0      0      0      0      0      0      0      0      0      0      0      0      0      0      0      0      0      0 
0 -1 -1
     0      0      0      0      1      0      0      0      0      0      0      0      0      0      0      0      0      0      0 
  6265   4997   6003   7059   5327   4940   6234   6835   7174   5874   4953   6038   7287   6054   5685   6371   7771   7226   7495 
 17236  13361     86    169   6003   4940   4997   5327   6265   7059   5874   7174   6835   7287   7771   6054   7226   5685   7495   6371   6038   4953   6234  12934  26274      0      0  65535 
     0      0      0      0      0      0      0      0      0      0      0      0      0      0      0      0      0      0      0 
     0      0      0      0      0      0      0      0      0      0      0      0      0      0      0      0      0      0      0 
     0      0      0      0      0      0      0      0      0      0      0      0      0      0      0      0      0      0      0 
0 -1 -1
     0      0      0      0      0      0      0      0      0      0      0      0      0      0      0      0      0      0      0 
  6267   4996   6002   7059   5326   4941   6235   6836   7175   5874   4955   6040   7285   6055   5686   6371   7772   7223   7494 
 17236  13361     86    169   6002   4941   4996   5326   6267   7059   5874   7175   6836   7285   7772   6055   7223   5686   7494   6371   6040   4955   6235  12940  26274      0      0  65535 
     0      0      0      0      0      0      0      0      0      0      0      0      0      0      0      0      0      0      0 
     0      0      0      0      0      0      0      0      0      0      0      0      0      0      0      0      0      0      0 
     0      0      0      0      0      0      0      0      0      0      0      0      0      0      0      0      0      0      0 
0 -1 -1
     0      0      0      0      0      0      0      0      0      1      0      0      0      0      0      0      0      0      0 
  6264   4997   6002   7060   5325   4938   6233   6835   7174   5875   4955   6041   7287   6056   5684   6371   7772   7225   7495 
 17236  13361     86    169   6002   4938   4997   5325   6264   7060   5875   7174   6835   7287   7772   6056   7225   5684   7495   6371   6041   4955   6233  12943  26274      0      0  65535 
     0      0      0      0      0      0      0      0      0      0      0      0      0      0      0      0      0      0      0 
     0      0      0      0      0      0      0      0      0      0      0      0      0      0      0      0      0      0      0 
     0      0      0      0      0      0      0      0      0      0      0      0      0      0      0      0      0      0      0 
0 -1 -1
     0      0      0      0      1      0      0      0      0      0      0      0      0      0      0      0      0      0      0 
  6266   4996   6002   7060   5327   4941   6234   6836   7175   5874   4954   6040   7286   6055   5687   6371   7771   7224   7495 
 17236  13361     86    170   6002   4941   4996   5327   6266   7060   5874   7175   6836   7286   7771   6055   7224   5687   7495   6371   6040   4954   6234  12942  26274      0      0  65535 
     0      0      0      0      0      0      0      0      0      0      0      0      0      0      0      0      0      0      0 
     0      0      0      0      0      0      0      0      0      0      0      0      0      0      0      0      0      0      0 
     0      0      0      0      0      0      0      0      0      0      0      0      0      0      0      0      0      0      0 
0 -1 -1
     0      0      0      0      0      0      0      0      0      0      0      0      0      0      0      0      0      0      0 
  6265   4997   6002   7059   5326   4938   6234   6836   7174   5873   4953   6040   7286   6054   5685   6373   7772   7226   7496 
 17236  13361     86    169   6002   4938   4997   5326   6265   7059   5873   7174   6836   7286   7772   6054   7226   5685   7496   6373   6040   4953   6234  12942  26273      0      0  65535 
     0      0      0      0      0      0      0      0      0      0      0      0      0      0      0      0      0      0      0 
     0      0      0      0      0      0      0      0      0      0      0      0      0      0      0      0      0      0      0 
     0      0      0      0      0      0      0      0      0      0      0      0      0      0      0      0      0      0      0 
0 -1 -1
     0      0      0      0      1      0      0      0      0      1      0      0      0      0      0      0      0      0      0 
  6267   4997   6002   7059   5328   4940   6235   6837   7175   5875   4955   6041   7285   6055   5686   6370   7770   7224   7494 
 17236  13361     86    170   6002   4940   4997   5328   6267   7059   5875   7175   6837   7285   7770   6055   7224   5686   7494   6370   6041   4955   6235  12945  26274      0      0  65535 
     0      0      0      0      0      0      0      0      0      0      0      0      0      0      0      0      0      0      0 
     0      0      0      0      0      0      0      0      0      0      0      0      0      0      0      0      0      0      0 
     0      0      0      0      0      0      0      0      0      0      0      0      0      0      0      0      0      0      0 
0 -1 -1
     0      0      0      0      1      0      0      0      0      1      0      0      0      0      0      0      0      0      0 
  6266   4996   6002   7062   5327   4940   6235   6836   7173   5875   4954   6039   7286   6056   5686   6371   7770   7225   7495 
 17236  13361     86    169   6002   4940   4996   5327   6266   7062   5875   7173   6836   7286   7770   6056   7225   5686   7495   6371   6039   4954   6235  12939  26273      0      0  65535 
     0      0      0      0      0      0      0      0      0      0      0      0      0      0      0      0      0      0      0 
     0      0      0      0      0      0      0      0      0      0      0      0      0      0      0      0      0      0      0 
     0      0      0      0      0      0      0      0      0      0      0      0      0      0      0      0      0      0      0 
0 -1 -1
     0      0      0      0      1      0      0      0      0      1      0      0      0      0      0      0      0      0      0 
  6267   4997   6003   7061   5327   4941   6235   6835   7175   5875   4955   6040   7285   6055   5686   6370   7771   7224   7495 
 17236  13361     86    169   6003   4941   4997   5327   6267   7061   5875   7175   6835   7285   7771   6055   7224   5686   7495   6370   6040   4955   6235  12930  26274      0      0  65535 
     0      0      0      0      0      0      0      0      0      0      0      0      0      0      0      0      0      0      0 
     0      0      0      0      0      0      0      0      0      0      0      0      0      0      0      0      0      0      0 
     0      0      0      0      0      0      0      0      0      0      0      0      0      0      0      0      0      0      0 
0 -1 -1
     0      0      0      0      1      0      0      0      0      1      0      0      0      1      0      0      0      0      0 
  6267   4996   6002   7060   5328   4940   6233   6836   7174   5875   4954   6040   7286   6058   5687   6370   7773   7225   7494 
 17236  13361     86    170   6002   4940   4996   5328   6267   7060   5875   7174   6836   7286   7773   6058   7225   5687   7494   6370   6040   4954   6233  12934  26275      0      0  65535 
     0      0      0      0      0      0      0      0      0      0      0      0      0      0      0      0      0      0      0 
     0      0      0      0      0      0      0      0      0      0      0      0      0      0      0      0      0      0      0 
     0      0      0      0      0      0      0      0      0      0      0      0      0      0      0      0      0      0      0 
0 -1 -1
     0      0      0      0      1      0      0      0      0      0      0      0      0      0      0      0      0      0      0 
  6266   4997   6002   7060   5327   4940   6234   6837   7175   5874   4955   6040   7287   6056   5688   6370   7771   7226   7496 
 17236  13361     86    170   6002   4940   4997   5327   6266   7060   5874   7175   6837   7287   7771   6056   7226   5688   7496   6370   6040   4955   6234  12941  26274      0      0  65535 
     0      0      0      0      0      0      0      0      0      0      0      0      0      0      0      0      0      0      0 
     0      0      0      0      0      0      0      0      0      0      0      0      0      0      0      0      0      0      0 
     0      0      0      0      0      0      0      0      0      0      0      0      0      0      0      0      0      0      0 
0 -1 -1
     0      0      0      0      1      0      0      0      0      0      0      0      0      0      0      0      0      0      0 
  6269   4998   6002   7060   5328   4940   6235   6837   7174   5873   4955   6041   7287   6056   5686   6372   7772   7224   7496 
 17236  13361     86    169   6002   4940   4998   5328   6269   7060   5873   7174   6837   7287   7772   6056   7224   5686   7496   6372   6041   4955   6235  12929  26274      0      0  65535 
     0      0      0      0      0      0      0      0      0      0      0      0      0      0      0      0      0      0      0 
     0      0      0      0      0      0      0      0      0      0      0      0      0      0      0      0      0      0      0 
     0      0      0      0      0      0      0      0      0      0      0      0      0      0      0      0      0      0      0 
0 -1 -1
     0      0      0      0      1      0      0      0      1      1      0      0      0      0      0      0      0      0      0 
  6266   4998   6002   7060   5328   4940   6234   6836   7176   5875   4955   6038   7287   6056   5688   6371   7772   7224   7497 
 17236  13361     86    169   6002   4940   4998   5328   6266   7060   5875   7176   6836   7287   7772   6056   7224   5688   7497   6371   6038   4955   6234  12942  26275      0      0  65535 
     0      0      0      0      0      0      0      0      0      0      0      0      0      0      0      0      0      0      0 
     0      0      0      0      0      0      0      0      0      0      0      0      0      0      0      0      0      0      0 
     0      0      0      0      0      0      0      0      0      0      0      0      0      0      0      0      0      0      0 
0 -1 -1
     0      0      0      0      1      0      0      0      0      0      0      0      0      0      0      0      0      0      0 
  6268   4997   6003   7061   5328   4940   6235   6837   7174   5874   4955   6041   7285   6056   5686   6371   7772   7224   7496 
 17236  13361     86    170   6003   4940   4997   5328   6268   7061   5874   7174   6837   7285   7772   6056   7224   5686   7496   6371   6041   4955   6235  12942  26274      0      0  65535 
     0      0      0      0      0      0      0      0      0      0      0      0      0      0      0      0      0      0      0 
     0      0      0      0      0      0      0      0      0      0      0      0      0      0      0      0      0      0      0 
     0      0      0      0      0      0      0      0      0      0      0      0      0      0      0      0      0      0      0 
0 -1 -1
     0      0      0      0      1      0      0      0      0      1      0      0      0      0      0      0      0      0      0 
  6267   4997   6002   7062   5329   4941   6235   6836   7174   5875   4955   6040   7287   6057   5687   6372   7772   7226   7497 
 17236  13361     86    170   6002   4941   4997   5329   6267   7062   5875   7174   6836   7287   7772   6057   7226   5687   7497   6372   6040   4955   6235  12942  26274      0      0  65535 
     0      0      0      0      0      0      0      0      0      0      0      0      0      0      0      0      0      0      0 
     0      0      0      0      0      0      0      0      0      0      0      0      0      0      0      0      0      0      0 
     0      0      0      0      0      0      0      0      0      0      0      0      0      0      0      0      0      0      0 
0 -1 -1
     0      0      0      0      1      0      0      0      0      1      0      0      0      1      0      0      0      0      0 
  6267   4997   6002   7060   5329   4941   6235   6838   7174   5875   4954   6040   7287   6058   5687   6371   7772   7225   7496 
 17236  13361     86    170   6002   4941   4997   5329   6267   7060   5875   7174   6838   7287   7772   6058   7225   5687   7496   6371   6040   4954   6235  12943  26273      0      0  65535 
     0      0      0      0      0      0      0      0      0      0      0      0      0      0      0      0      0      0      0 
     0      0      0      0      0      0      0      0      0      0      0      0      0      0      0      0      0      0      0 
     0      0      0      0      0      0      0      0      0      0      0      0      0      0      0      0      0      0      0 
0 -1 -1
