     1      2      2      2      8      5      2      1      5      6      6      2      3      6      5      3      1      3      1 
  7258   5972   7071   8151   6352   5969   7367   8048   8282   6923   5994   7184   8464   7106   6682   7386   8836   8220   8400 
 17236  13361     86    168   7071   5969   5972   6352   7258   8151   6923   8282   8048   8464   8836   7106   8220   6682   8400   7386   7184   5994   7367  12782  26272      0      0  65535 
     0      0      0      0      0      0      0      0      0      0      0      0      0      0      0      0      0      0      0 
     0      0      0      0      0      0      0      0      0      0      0      0      0      0      0      0      0      0      0 
     0      0      0      0      0      0      0      0      0      0      0      0      0      0      0      0      0      0      0 
0 -1 -1
     1      3      2      3      9      6      3      1      5      6      6      2      3      7      6      3      1      3      1 
  7264   5977   7076   8156   6357   5975   7373   8052   8287   6931   5999   7189   8471   7113   6687   7390   8841   8224   8405 
 17236  13361     86    168   7076   5975   5977   6357   7264   8156   6931   8287   8052   8471   8841   7113   8224   6687   8405   7390   7189   5999   7373  12785  26270      0      0  65535 
     0      0      0      0      0      0      0      0      0      0      0      0      0      0      0      0      0      0      0 
     0      0      0      0      0      0      0      0      0      0      0      0      0      0      0      0      0      0      0 
     0      0      0      0      0      0      0      0      0      0      0      0      0      0      0      0      0      0      0 
0 -1 -1
     1      3      2      3     10      6      3      2      6      7      7      2      3      8      6      3      1      3      2 
  7268   5982   7079   8160   6365   5980   7376   8057   8293   6935   6004   7193   8474   7118   6692   7396   8843   8230   8408 
 17236  13361     86    168   7079   5980   5982   6365   7268   8160   6935   8293   8057   8474   8843   7118   8230   6692   8408   7396   7193   6004   7376  12782  26272      0      0  65535 
     0      0      0      0      0      0      0      0      0      0      0      0      0      0      0      0      0      0      0 
     0      0      0      0      0      0      0      0      0      0      0      0      0      0      0      0      0      0      0 
     0      0      0      0      0      0      0      0      0      0      0      0      0      0      0      0      0      0      0 
0 -1 -1
     2      3      3      3     10      7      3      2      6      7      8      2      3      8      7      4      1      3      2 
  7271   5986   7083   8163   6368   5985   7381   8060   8297   6942   6011   7196   8479   7122   6697   7399   8846   8233   8413 
 17236  13361     86    168   7083   5985   5986   6368   7271   8163   6942   8297   8060   8479   8846   7122   8233   6697   8413   7399   7196   6011   7381  12772  26271      0      0  65535 
     0      0      0      0      0      0      0      0      0      0      0      0      0      0      0      0      0      0      0 
     0      0      0      0      0      0      0      0      0      0      0      0      0      0      0      0      0      0      0 
     0      0      0      0      0      0      0      0      0      0      0      0      0      0      0      0      0      0      0 
0 -1 -1
     2      3      3      3     11      7      4      2      6      8      8      3      3      9      7      4      1      4      2 
  7274   5990   7087   8169   6375   5992   7389   8064   8302   6948   6021   7206   8482   7129   6703   7405   8853   8241   8416 
 17236  13361     86    168   7087   5992   5990   6375   7274   8169   6948   8302   8064   8482   8853   7129   8241   6703   8416   7405   7206   6021   7389  12775  26270      0      0  65535 
     0      0      0      0      0      0      0      0      0      0      0      0      0      0      0      0      0      0      0 
     0      0      0      0      0      0      0      0      0      0      0      0      0      0      0      0      0      0      0 
     0      0      0      0      0      0      0      0      0      0      0      0      0      0      0      0      0      0      0 
0 -1 -1
     2      4      4      3     13      9      6      2      7      9      9      4      4     12      8      4      2      4      2 
  7291   6001   7106   8175   6383   6004   7431   8072   8311   6959   6030   7242   8490   7157   6712   7413   8871   8247   8437 
 17236  13361     86    168   7106   6004   6001   6383   7291   8175   6959   8311   8072   8490   8871   7157   8247   6712   8437   7413   7242   6030   7431  12773  26269      0      0  65535 
     0      0      0      0      0      0      0      0      0      0      0      0      0      0      0      0      0      0      0 
     0      0      0      0      0      0      0      0      0      0      0      0      0      0      0      0      0      0      0 
     0      0      0      0      0      0      0      0      0      0      0      0      0      0      0      0      0      0      0 
0 -1 -1
     4      7     10      6     19     18     15      3     10     16     21     13      6     20     12      6      3      6      4 
  7356   6069   7232   8229   6432   6108   7626   8105   8352   7050   6158   7459   8527   7236   6753   7437   8920   8282   8507 
 17236  13361     86    167   7232   6108   6069   6432   7356   8229   7050   8352   8105   8527   8920   7236   8282   6753   8507   7437   7459   6158   7626  12765  26273      0      0  65535 
     0      0      0      0      0      0      0      0      0      0      0      0      0      0      0      0      0      0      0 
     0      0      0      0      0      0      0      0      0      0      0      0      0      0      0      0      0      0      0 
     0      0      0      0      0      0      0      0      0      0      0      0      0      0      0      0      0      0      0 
0 -1 -1
     8     18     21     12     49     48     34      5     17     34     55     31     10     29     20      9      4      8      7 
  7517   6319   7470   8366   6648   6435   8002   8159   8444   7264   6512   7924   8602   7330   6848   7494   8974   8332   8604 
 17236  13361     86    167   7470   6435   6319   6648   7517   8366   7264   8444   8159   8602   8974   7330   8332   6848   8604   7494   7924   6512   8002  12774  26271      0      0  65535 
     0      0      0      0      0      0      0      0      0      0      0      0      0      0      0      0      0      0      0 
     0      0      0      0      0      0      0      0      0      0      0      0      0      0      0      0      0      0      0 
     0      0      0      0      0      0      0      0      0      0      0      0      0      0      0      0      0      0      0 
0 -1 -1
    10     24     24     16     72     59     51      5     21     41     84     42     11     35     27     11      5     10      8 
  7587   6438   7552   8432   6811   6557   8327   8189   8505   7343   6812   8213   8639   7390   6924   7537   9002   8363   8649 
 17236  13361     86    166   7552   6557   6438   6811   7587   8432   7343   8505   8189   8639   9002   7390   8363   6924   8649   7537   8213   6812   8327  12777  26271      0      0  65535 
     0      0      0      0      0      0      0      0      0      0      0      0      0      0      0      0      0      0      0 
     0      0      0      0      0      0      0      0      0      0      0      0      0      0      0      0      0      0      0 
     0      0      0      0      0      0      0      0      0      0      0      0      0      0      0      0      0      0      0 
0 -1 -1
    24     64     57     42    255    144    129     10     51     74    240     93     22     75     62     21      8     18     13 
  8123   7338   8260   8999   8222   7496   9894   8351   8891   7745   8460   9516   8853   7779   7326   7734   9150   8523   8848 
 17236  13361     86    163   8260   7496   7338   8222   8123   8999   7745   8891   8351   8853   9150   7779   8523   7326   8848   7734   9516   8460   9894  12774  26272      0      0  65535 
     0      0      0      0      0      0      0      0      0      0      0      0      0      0      0      0      0      0      0 
     0      0      0      0      0      0      0      0      0      0      0      0      0      0      0      0      0      0      0 
     0      0      0      0      0      0      0      0      0      0      0      0      0      0      0      0      0      0      0 
0 -1 -1
    37    103     89     69    255    230    200     14     84    104    255    133     31    116    104     31     11     26     18 
  8643   8194   8946   9556   9790   8448  11301   8485   9338   8095   9996  10526   9029   8177   7812   7921   9268   8668   9026 
 17236  13361     86    161   8946   8448   8194   9790   8643   9556   8095   9338   8485   9029   9268   8177   8668   7812   9026   7921  10526   9996  11301  12773  26272      0      0  65535 
     0      0      0      0      0      0      0      0      0      0      0      0      0      0      0      0      0      0      0 
     0      0      0      0      0      0      0      0      0      0      0      0      0      0      0      0      0      0      0 
     0      0      0      0      0      0      0      0      0      0      0      0      0      0      0      0      0      0      0 
0 -1 -1
    51    139    120     96    255    255    253     19    126    131    255    164     40    161    154     40     14     33     23 
  9161   8986   9597  10125  11236   9308  12359   8635   9892   8422  11237  11319   9207   8618   8391   8086   9412   8812   9210 
 17236  13361     86    159   9597   9308   8986  11236   9161  10125   8422   9892   8635   9207   9412   8618   8812   8391   9210   8086  11319  11237  12359  12779  26271      0      0  65535 
     0      0      0      0      0      0      0      0      0      0      0      0      0      0      0      0      0      0      0 
     0      0      0      0      0      0      0      0      0      0      0      0      0      0      0      0      0      0      0 
     0      0      0      0      0      0      0      0      0      0      0      0      0      0      0      0      0      0      0 
0 -1 -1
    59    160    139    109    255    255    255     22    156    150    255    183     44    192    193     47     16     37     25 
  9477   9437  10023  10402  12186   9878  13053   8735  10283   8654  11993  11813   9273   8928   8828   8219   9492   8891   9320 
 17236  13361     86    158  10023   9878   9437  12186   9477  10402   8654  10283   8735   9273   9492   8928   8891   8828   9320   8219  11813  11993  13053  12748  26271      0      0  65535 
     0      0      0      0      0      0      0      0      0      0      0      0      0      0      0      0      0      0      0 
     0      0      0      0      0      0      0      0      0      0      0      0      0      0      0      0      0      0      0 
     0      0      0      0      0      0      0      0      0      0      0      0      0      0      0      0      0      0      0 
0 -1 -1
    65    175    152    122    255    255    255     25    181    164    255    198     49    222    223     53     19     42     29 
  9712   9776  10306  10692  12842  10266  13555   8836  10616   8818  12575  12187   9380   9223   9182   8338   9601   8990   9438 
 17236  13361     86    157  10306  10266   9776  12842   9712  10692   8818  10616   8836   9380   9601   9223   8990   9182   9438   8338  12187  12575  13555  12750  26271      0      0  65535 
     0      0      0      0      0      0      0      0      0      0      0      0      0      0      0      0      0      0      0 
     0      0      0      0      0      0      0      0      0      0      0      0      0      0      0      0      0      0      0 
     0      0      0      0      0      0      0      0      0      0      0      0      0      0      0      0      0      0      0 
0 -1 -1
    75    197    169    143    255    255    255     29    218    182    255    216     57    255    255     60     22     49     33 
 10096  10244  10665  11141  13793  10851  14226   8976  11105   9040  13446  12644   9535   9647   9675   8473   9733   9126   9589 
 17236  13361     86    155  10665  10851  10244  13793  10096  11141   9040  11105   8976   9535   9733   9647   9126   9675   9589   8473  12644  13446  14226  12755  26271      0      0  65535 
     0      0      0      0      0      0      0      0      0      0      0      0      0      0      0      0      0      0      0 
     0      0      0      0      0      0      0      0      0      0      0      0      0      0      0      0      0      0      0 
     0      0      0      0      0      0      0      0      0      0      0      0      0      0      0      0      0      0      0 
0 -1 -1
    84    216    184    161    255    255    255     32    253    198    255    234     64    255    255     67     25     55     36 
 10439  10661  10989  11522  14655  11373  14869   9096  11574   9229  14318  13107   9669  10071  10178   8611   9865   9251   9735 
 17236  13361     86    154  10989  11373  10661  14655  10439  11522   9229  11574   9096   9669   9865  10071   9251  10178   9735   8611  13107  14318  14869  12760  26271      0      0  65535 
     0      0      0      0      0      0      0      0      0      0      0      0      0      0      0      0      0      0      0 
     0      0      0      0      0      0      0      0      0      0      0      0      0      0      0      0      0      0      0 
     0      0      0      0      0      0      0      0      0      0      0      0      0      0      0      0      0      0      0 
0 -1 -1
    93    236    201    177    255    255    255     36    255    216    255    251     71    255    255     76     28     62     40 
 10789  11101  11352  11841  15589  11929  15458   9219  12083   9442  15135  13558   9798  10562  10709   8771  10001   9377   9879 
 17236  13361     86    153  11352  11929  11101  15589  10789  11841   9442  12083   9219   9798  10001  10562   9377  10709   9879   8771  13558  15135  15458  12779  26271      0      0  65535 
     0      0      0      0      0      0      0      0      0      0      0      0      0      0      0      0      0      0      0 
     0      0      0      0      0      0      0      0      0      0      0      0      0      0      0      0      0      0      0 
     0      0      0      0      0      0      0      0      0      0      0      0      0      0      0      0      0      0      0 
0 -1 -1
   103    255    218    198    255    255    255     41    255    234    255    255     82    255    255     84     32     70     45 
 11190  11567  11720  12290  16473  12480  15989   9400  12563   9653  15887  13958  10022  11073  11196   8930  10184   9539  10058 
 17236  13361     86    153  11720  12480  11567  16473  11190  12290   9653  12563   9400  10022  10184  11073   9539  11196  10058   8930  13958  15887  15989  12777  26272      0      0  65535 
     0      0      0      0      0      0      0      0      0      0      0      0      0      0      0      0      0      0      0 
     0      0      0      0      0      0      0      0      0      0      0      0      0      0      0      0      0      0      0 
     0      0      0      0      0      0      0      0      0      0      0      0      0      0      0      0      0      0      0 
0 -1 -1
   117    255    232    225    255    255    255     48    255    250    255    255     93    255    255     85     35     74     46 
 11728  12041  12007  12875  17456  12935  16247   9628  13121   9845  16308  13999  10235  11520  11482   8944  10331   9615  10098 
 17236  13361     86    152  12007  12935  12041  17456  11728  12875   9845  13121   9628  10235  10331  11520   9615  11482  10098   8944  13999  16308  16247  12777  26272      0      0  65535 
     0      0      0      0      0      0      0      0      0      0      0      0      0      0      0      0      0      0      0 
     0      0      0      0      0      0      0      0      0      0      0      0      0      0      0      0      0      0      0 
     0      0      0      0      0      0      0      0      0      0      0      0      0      0      0      0      0      0      0 
0 -1 -1
   129    255    243    249    255    255    255     54    255    255    255    255    102    255    255     86     38     77     47 
 12169  12424  12245  13371  18213  13272  16442   9808  13574   9988  16654  14050  10406  11875  11718   8973  10446   9677  10134 
 17236  13361     86    152  12245  13272  12424  18213  12169  13371   9988  13574   9808  10406  10446  11875   9677  11718  10134   8973  14050  16654  16442  12777  26270      0      0  65535 
     0      0      0      0      0      0      0      0      0      0      0      0      0      0      0      0      0      0      0 
     0      0      0      0      0      0      0      0      0      0      0      0      0      0      0      0      0      0      0 
     0      0      0      0      0      0      0      0      0      0      0      0      0      0      0      0      0      0      0 
0 -1 -1
   135    255    253    255    255    255    255     56    255    255    255    255    106    255    255     94     40     82     50 
 12430  12638  12464  13550  18853  13646  16833   9889  14000  10161  17292  14363  10497  12336  12177   9108  10548   9777  10254 
 17236  13361     86    151  12464  13646  12638  18853  12430  13550  10161  14000   9889  10497  10548  12336   9777  12177  10254   9108  14363  17292  16833  12777  26272      0      0  65535 
     0      0      0      0      0      0      0      0      0      0      0      0      0      0      0      0      0      0      0 
     0      0      0      0      0      0      0      0      0      0      0      0      0      0      0      0      0      0      0 
     0      0      0      0      0      0      0      0      0      0      0      0      0      0      0      0      0      0      0 
0 -1 -1
   134    255    255    253    255    255    255     56    255    255    255    255    111    255    255    107     44     93     58 
 12384  12640  12619  13461  19120  13951  17324   9886  14253  10338  18129  14928  10592  12803  12813   9358  10717   9987  10557 
 17236  13361     86    150  12619  13951  12640  19120  12384  13461  10338  14253   9886  10592  10717  12803   9987  12813  10557   9358  14928  18129  17324  12780  26272      0      0  65535 
     0      0      0      0      0      0      0      0      0      0      0      0      0      0      0      0      0      0      0 
     0      0      0      0      0      0      0      0      0      0      0      0      0      0      0      0      0      0      0 
     0      0      0      0      0      0      0      0      0      0      0      0      0      0      0      0      0      0      0 
0 -1 -1
   137    255    255    255    255    255    255     58    255    255    255    255    117    255    255    116     48    101     63 
 12499  12769  12820  13516  19672  14326  17771   9955  14688  10541  18831  15332  10698  13348  13351   9533  10881  10138  10760 
 17236  13361     86    150  12820  14326  12769  19672  12499  13516  10541  14688   9955  10698  10881  13348  10138  13351  10760   9533  15332  18831  17771  12778  26271      0      0  65535 
     0      0      0      0      0      0      0      0      0      0      0      0      0      0      0      0      0      0      0 
     0      0      0      0      0      0      0      0      0      0      0      0      0      0      0      0      0      0      0 
     0      0      0      0      0      0      0      0      0      0      0      0      0      0      0      0      0      0      0 
0 -1 -1
   145    255    255    255    255    255    255     63    255    255    255    255    127    255    255    121     52    108     67 
 12818  13033  13027  13853  20379  14681  18020  10122  15176  10715  19315  15558  10899  13822  13721   9621  11054  10283  10904 
 17236  13361     86    149  13027  14681  13033  20379  12818  13853  10715  15176  10122  10899  11054  13822  10283  13721  10904   9621  15558  19315  18020  12775  26271      0      0  65535 
     0      0      0      0      0      0      0      0      0      0      0      0      0      0      0      0      0      0      0 
     0      0      0      0      0      0      0      0      0      0      0      0      0      0      0      0      0      0      0 
     0      0      0      0      0      0      0      0      0      0      0      0      0      0      0      0      0      0      0 
0 -1 -1
   155    255    255    255    255    255    255     69    255    255    255    255    139    255    255    128     57    117     72 
 13193  13323  13260  14245  21185  15150  18364  10326  15779  10942  19980  15856  11142  14420  14253   9753  11271  10462  11096 
 17236  13361     86    149  13260  15150  13323  21185  13193  14245  10942  15779  10326  11142  11271  14420  10462  14253  11096   9753  15856  19980  18364  12773  26272      0      0  65535 
     0      0      0      0      0      0      0      0      0      0      0      0      0      0      0      0      0      0      0 
     0      0      0      0      0      0      0      0      0      0      0      0      0      0      0      0      0      0      0 
     0      0      0      0      0      0      0      0      0      0      0      0      0      0      0      0      0      0      0 
0 -1 -1
   158    255    255    255    255    255    255     72    255    255    255    255    145    255    255    129     59    122     74 
 13321  13384  13301  14413  21317  15202  18347  10430  15963  10997  20086  15903  11258  14581  14406   9779  11374  10547  11172 
 17236  13361     86    148  13301  15202  13384  21317  13321  14413  10997  15963  10430  11258  11374  14581  10547  14406  11172   9779  15903  20086  18347  12778  26273      0      0  65535 
     0      0      0      0      0      0      0      0      0      0      0      0      0      0      0      0      0      0      0 
     0      0      0      0      0      0      0      0      0      0      0      0      0      0      0      0      0      0      0 
     0      0      0      0      0      0      0      0      0      0      0      0      0      0      0      0      0      0      0 
0 -1 -1
   169    255    255    255    255    255    255     80    255    255    255    255    160    255    255    133     64    131     78 
 13733  13686  13540  14918  21995  15592  18645  10685  16526  11194  20616  16091  11557  15126  14829   9861  11602  10728  11328 
 17236  13361     86    148  13540  15592  13686  21995  13733  14918  11194  16526  10685  11557  11602  15126  10728  14829  11328   9861  16091  20616  18645  12765  26272      0      0  65535 
     0      0      0      0      0      0      0      0      0      0      0      0      0      0      0      0      0      0      0 
     0      0      0      0      0      0      0      0      0      0      0      0      0      0      0      0      0      0      0 
     0      0      0      0      0      0      0      0      0      0      0      0      0      0      0      0      0      0      0 
0 -1 -1
   174    255    255    255    255    255    255     83    255    255    255    255    169    255    255    142     68    139     83 
 13937  13849  13712  15126  22419  15874  18931  10792  16920  11360  21140  16402  11714  15621  15304  10018  11755  10893  11514 
 17236  13361     86    147  13712  15874  13849  22419  13937  15126  11360  16920  10792  11714  11755  15621  10893  15304  11514  10018  16402  21140  18931  12772  26271      0      0  65535 
     0      0      0      0      0      0      0      0      0      0      0      0      0      0      0      0      0      0      0 
     0      0      0      0      0      0      0      0      0      0      0      0      0      0      0      0      0      0      0 
     0      0      0      0      0      0      0      0      0      0      0      0      0      0      0      0      0      0      0 
0 -1 -1
   177    255    255    255    255    255    255     85    255    255    255    255    174    255    255    149     70    146     87 
 14021  13942  13854  15183  22685  16033  19170  10866  17227  11484  21516  16673  11814  16060  15719  10167  11870  11023  11663 
 17236  13361     86    147  13854  16033  13942  22685  14021  15183  11484  17227  10866  11814  11870  16060  11023  15719  11663  10167  16673  21516  19170  12776  26272      0      0  65535 
     0      0      0      0      0      0      0      0      0      0      0      0      0      0      0      0      0      0      0 
     0      0      0      0      0      0      0      0      0      0      0      0      0      0      0      0      0      0      0 
     0      0      0      0      0      0      0      0      0      0      0      0      0      0      0      0      0      0      0 
0 -1 -1
   181    255    255    255    255    255    255     89    255    255    255    255    181    255    255    159     74    155     92 
 14200  14149  14085  15353  23095  16251  19518  10999  17613  11637  21932  17043  11962  16579  16178  10354  12029  11197  11858 
 17236  13361     86    146  14085  16251  14149  23095  14200  15353  11637  17613  10999  11962  12029  16579  11197  16178  11858  10354  17043  21932  19518  12777  26272      0      0  65535 
     0      0      0      0      0      0      0      0      0      0      0      0      0      0      0      0      0      0      0 
     0      0      0      0      0      0      0      0      0      0      0      0      0      0      0      0      0      0      0 
     0      0      0      0      0      0      0      0      0      0      0      0      0      0      0      0      0      0      0 
0 -1 -1
   184    255    255    255    255    255    255     92    255    255    255    255    186    255    255    166     77    161     96 
 14325  14298  14270  15457  23341  16365  19695  11085  17849  11737  22118  17271  12058  16918  16472  10476  12142  11316  11990 
 17236  13361     86    146  14270  16365  14298  23341  14325  15457  11737  17849  11085  12058  12142  16918  11316  16472  11990  10476  17271  22118  19695  12768  26272      0      0  65535 
     0      0      0      0      0      0      0      0      0      0      0      0      0      0      0      0      0      0      0 
     0      0      0      0      0      0      0      0      0      0      0      0      0      0      0      0      0      0      0 
     0      0      0      0      0      0      0      0      0      0      0      0      0      0      0      0      0      0      0 
0 -1 -1
   186    255    255    255    255    255    255     94    255    255    255    255    192    255    255    172     79    168     99 
 14394  14400  14403  15531  23470  16388  19843  11161  18018  11813  22276  17503  12173  17221  16741  10604  12259  11444  12126 
 17236  13361     86    146  14403  16388  14400  23470  14394  15531  11813  18018  11161  12173  12259  17221  11444  16741  12126  10604  17503  22276  19843  12776  26271      0      0  65535 
     0      0      0      0      0      0      0      0      0      0      0      0      0      0      0      0      0      0      0 
     0      0      0      0      0      0      0      0      0      0      0      0      0      0      0      0      0      0      0 
     0      0      0      0      0      0      0      0      0      0      0      0      0      0      0      0      0      0      0 
0 -1 -1
   187    255    255    255    255    255    255     94    255    255    255    255    193    255    255    175     80    170    100 
 14426  14448  14481  15525  23496  16368  19870  11185  18066  11844  22270  17583  12197  17336  16844  10652  12291  11483  12176 
 17236  13361     86    146  14481  16368  14448  23496  14426  15525  11844  18066  11185  12197  12291  17336  11483  16844  12176  10652  17583  22270  19870  12762  26271      0      0  65535 
     0      0      0      0      0      0      0      0      0      0      0      0      0      0      0      0      0      0      0 
     0      0      0      0      0      0      0      0      0      0      0      0      0      0      0      0      0      0      0 
     0      0      0      0      0      0      0      0      0      0      0      0      0      0      0      0      0      0      0 
0 -1 -1
   186    255    255    255    255    255    255     93    255    255    255    255    191    255    255    174     79    168    100 
 14369  14395  14449  15421  23320  16231  19763  11148  17966  11814  22101  17529  12151  17254  16787  10630  12260  11457  12157 
 17236  13361     86    146  14449  16231  14395  23320  14369  15421  11814  17966  11148  12151  12260  17254  11457  16787  12157  10630  17529  22101  19763  12750  26271      0      0  65535 
     0      0      0      0      0      0      0      0      0      0      0      0      0      0      0      0      0      0      0 
     0      0      0      0      0      0      0      0      0      0      0      0      0      0      0      0      0      0      0 
     0      0      0      0      0      0      0      0      0      0      0      0      0      0      0      0      0      0      0 
0 -1 -1
   185    255    255    255    255    255    255     93    255    255    255    255    190    255    255    172     79    168     99 
 14333  14333  14403  15389  23155  16122  19638  11151  17881  11781  21940  17432  12135  17163  16706  10590  12250  11444  12138 
 17236  13361     86    146  14403  16122  14333  23155  14333  15389  11781  17881  11151  12135  12250  17163  11444  16706  12138  10590  17432  21940  19638  12766  26273      0      0  65535 
     0      0      0      0      0      0      0      0      0      0      0      0      0      0      0      0      0      0      0 
     0      0      0      0      0      0      0      0      0      0      0      0      0      0      0      0      0      0      0 
     0      0      0      0      0      0      0      0      0      0      0      0      0      0      0      0      0      0      0 
0 -1 -1
   184    255    255    255    255    255    255     94    255    255    255    255    190    255    255    169     79    167     99 
 14309  14278  14356  15386  23018  16041  19508  11157  17807  11748  21786  17330  12135  17065  16611  10538  12246  11428  12113 
 17236  13361     86    146  14356  16041  14278  23018  14309  15386  11748  17807  11157  12135  12246  17065  11428  16611  12113  10538  17330  21786  19508  12749  26271      0      0  65535 
     0      0      0      0      0      0      0      0      0      0      0      0      0      0      0      0      0      0      0 
     0      0      0      0      0      0      0      0      0      0      0      0      0      0      0      0      0      0      0 
     0      0      0      0      0      0      0      0      0      0      0      0      0      0      0      0      0      0      0 
0 -1 -1
   183    255    255    255    255    255    255     94    255    255    255    255    190    255    255    167     79    166     98 
 14276  14224  14308  15374  22867  15962  19401  11153  17713  11713  21657  17242  12129  16952  16515  10493  12235  11410  12091 
 17236  13361     86    147  14308  15962  14224  22867  14276  15374  11713  17713  11153  12129  12235  16952  11410  16515  12091  10493  17242  21657  19401  12764  26271      0      0  65535 
     0      0      0      0      0      0      0      0      0      0      0      0      0      0      0      0      0      0      0 
     0      0      0      0      0      0      0      0      0      0      0      0      0      0      0      0      0      0      0 
     0      0      0      0      0      0      0      0      0      0      0      0      0      0      0      0      0      0      0 
0 -1 -1
   182    255    255    255    255    255    255     93    255    255    255    255    188    255    255    166     78    165     98 
 14244  14185  14283  15332  22743  15906  19355  11134  17643  11690  21585  17210  12103  16892  16478  10481  12213  11392  12077 
 17236  13361     86    147  14283  15906  14185  22743  14244  15332  11690  17643  11134  12103  12213  16892  11392  16478  12077  10481  17210  21585  19355  12767  26273      0      0  65535 
     0      0      0      0      0      0      0      0      0      0      0      0      0      0      0      0      0      0      0 
     0      0      0      0      0      0      0      0      0      0      0      0      0      0      0      0      0      0      0 
     0      0      0      0      0      0      0      0      0      0      0      0      0      0      0      0      0      0      0 
0 -1 -1
   181    255    255    255    255    255    255     92    255    255    255    255    187    255    255    166     78    164     98 
 14194  14146  14255  15272  22607  15838  19305  11110  17578  11671  21510  17192  12077  16849  16458  10479  12196  11383  12068 
 17236  13361     86    147  14255  15838  14146  22607  14194  15272  11671  17578  11110  12077  12196  16849  11383  16458  12068  10479  17192  21510  19305  12762  26273      0      0  65535 
     0      0      0      0      0      0      0      0      0      0      0      0      0      0      0      0      0      0      0 
     0      0      0      0      0      0      0      0      0      0      0      0      0      0      0      0      0      0      0 
     0      0      0      0      0      0      0      0      0      0      0      0      0      0      0      0      0      0      0 
0 -1 -1
   180    255    255    255    255    255    255     92    255    255    255    255    186    255    255    165     77    164     97 
 14156  14104  14223  15227  22500  15783  19245  11094  17530  11657  21436  17160  12061  16803  16429  10468  12183  11375  12059 
 17236  13361     86    147  14223  15783  14104  22500  14156  15227  11657  17530  11094  12061  12183  16803  11375  16429  12059  10468  17160  21436  19245  12772  26270      0      0  65535 
     0      0      0      0      0      0      0      0      0      0      0      0      0      0      0      0      0      0      0 
     0      0      0      0      0      0      0      0      0      0      0      0      0      0      0      0      0      0      0 
     0      0      0      0      0      0      0      0      0      0      0      0      0      0      0      0      0      0      0 
0 -1 -1
   178    255    255    255    255    255    255     90    255    255    255    255    183    255    255    162     76    161     96 
 14090  14030  14161  15144  22328  15687  19084  11049  17402  11606  21227  17029  11995  16635  16284  10400  12119  11316  11996 
 17236  13361     86    147  14161  15687  14030  22328  14090  15144  11606  17402  11049  11995  12119  16635  11316  16284  11996  10400  17029  21227  19084  12774  26270      0      0  65535 
     0      0      0      0      0      0      0      0      0      0      0      0      0      0      0      0      0      0      0 
     0      0      0      0      0      0      0      0      0      0      0      0      0      0      0      0      0      0      0 
     0      0      0      0      0      0      0      0      0      0      0      0      0      0      0      0      0      0      0 
0 -1 -1
   172    255    255    255    255    255    255     85    255    255    255    255    171    255    255    151     71    150     90 
 13852  13768  13910  14840  21750  15329  18626  10871  16955  11421  20625  16639  11756  16069  15812  10192  11895  11108  11781 
 17236  13361     86    148  13910  15329  13768  21750  13852  14840  11421  16955  10871  11756  11895  16069  11108  15812  11781  10192  16639  20625  18626  12774  26272      0      0  65535 
     0      0      0      0      0      0      0      0      0      0      0      0      0      0      0      0      0      0      0 
     0      0      0      0      0      0      0      0      0      0      0      0      0      0      0      0      0      0      0 
     0      0      0      0      0      0      0      0      0      0      0      0      0      0      0      0      0      0      0 
0 -1 -1
   156    255    255    255    255    255    255     73    255    255    255    255    143    255    255    126     60    126     77 
 13243  13128  13310  14093  20380  14471  17440  10459  15901  10988  19083  15686  11209  14776  14686   9728  11399  10630  11267 
 17236  13361     86    149  13310  14471  13128  20380  13243  14093  10988  15901  10459  11209  11399  14776  10630  14686  11267   9728  15686  19083  17440  12769  26271      0      0  65535 
     0      0      0      0      0      0      0      0      0      0      0      0      0      0      0      0      0      0      0 
     0      0      0      0      0      0      0      0      0      0      0      0      0      0      0      0      0      0      0 
     0      0      0      0      0      0      0      0      0      0      0      0      0      0      0      0      0      0      0 
0 -1 -1
   115    255    226    197    255    255    255     47    255    255    255    255     88    255    255     82     38     80     50 
 11639  11526  11888  12273  16999  12344  14687   9592  13533   9995  15506  13650  10130  12068  12213   8892  10454   9722  10245 
 17236  13361     86    153  11888  12344  11526  16999  11639  12273   9995  13533   9592  10130  10454  12068   9722  12213  10245   8892  13650  15506  14687  12762  26272      0      0  65535 
     0      0      0      0      0      0      0      0      0      0      0      0      0      0      0      0      0      0      0 
     0      0      0      0      0      0      0      0      0      0      0      0      0      0      0      0      0      0      0 
     0      0      0      0      0      0      0      0      0      0      0      0      0      0      0      0      0      0      0 
0 -1 -1
    51    128    117     86    255    255    173     22    163    141    255    135     40    186    193     40     18     39     24 
  9188   8727   9551   9921  11397   8987  10771   8728  10379   8543  10266  10587   9192   8869   8836   8086   9561   8922   9269 
 17236  13361     86    160   9551   8987   8727  11397   9188   9921   8543  10379   8728   9192   9561   8869   8922   8836   9269   8086  10587  10266  10771  12771  26272      0      0  65535 
     0      0      0      0      0      0      0      0      0      0      0      0      0      0      0      0      0      0      0 
     0      0      0      0      0      0      0      0      0      0      0      0      0      0      0      0      0      0      0 
     0      0      0      0      0      0      0      0      0      0      0      0      0      0      0      0      0      0      0 
0 -1 -1
    10     26     29     19     81     59     27      8     30     45     48     26     15     38     33     16      7     17      9 
  7617   6501   7659   8507   6880   6559   7863   8260   8612   7394   6440   7790   8713   7415   6993   7642   9076   8489   8694 
 17236  13361     86    167   7659   6559   6501   6880   7617   8507   7394   8612   8260   8713   9076   7415   8489   6993   8694   7642   7790   6440   7863  12774  26272      0      0  65535 
     0      0      0      0      0      0      0      0      0      0      0      0      0      0      0      0      0      0      0 
     0      0      0      0      0      0      0      0      0      0      0      0      0      0      0      0      0      0      0 
     0      0      0      0      0      0      0      0      0      0      0      0      0      0      0      0      0      0      0 
0 -1 -1
     6     11     10     11     37     26     11      6     22     27     26      9     12     30     26     14      5     13      6 
  7441   6160   7250   8333   6563   6198   7546   8204   8514   7184   6207   7372   8645   7336   6913   7593   9008   8428   8596 
 17236  13361     86    168   7250   6198   6160   6563   7441   8333   7184   8514   8204   8645   9008   7336   8428   6913   8596   7593   7372   6207   7546  12774  26272      0      0  65535 
     0      0      0      0      0      0      0      0      0      0      0      0      0      0      0      0      0      0      0 
     0      0      0      0      0      0      0      0      0      0      0      0      0      0      0      0      0      0      0 
     0      0      0      0      0      0      0      0      0      0      0      0      0      0      0      0      0      0      0 
0 -1 -1
     6     11     10     11     37     25     11      6     22     28     26      8     12     30     26     14      5     14      6 
  7438   6156   7235   8334   6559   6191   7537   8207   8514   7187   6204   7350   8645   7338   6915   7595   9007   8431   8592 
 17236  13361     86    168   7235   6191   6156   6559   7438   8334   7187   8514   8207   8645   9007   7338   8431   6915   8592   7595   7350   6204   7537  12774  26273      0      0  65535 
     0      0      0      0      0      0      0      0      0      0      0      0      0      0      0      0      0      0      0 
     0      0      0      0      0      0      0      0      0      0      0      0      0      0      0      0      0      0      0 
     0      0      0      0      0      0      0      0      0      0      0      0      0      0      0      0      0      0      0 
0 -1 -1
     6     11     10     11     38     26     11      6     22     28     26      8     12     30     26     14      5     14      6 
  7436   6159   7236   8337   6564   6194   7537   8209   8516   7190   6209   7349   8649   7340   6919   7596   9010   8435   8596 
 17236  13361     86    168   7236   6194   6159   6564   7436   8337   7190   8516   8209   8649   9010   7340   8435   6919   8596   7596   7349   6209   7537  12767  26272      0      0  65535 
     0      0      0      0      0      0      0      0      0      0      0      0      0      0      0      0      0      0      0 
     0      0      0      0      0      0      0      0      0      0      0      0      0      0      0      0      0      0      0 
     0      0      0      0      0      0      0      0      0      0      0      0      0      0      0      0      0      0      0 
0 -1 -1
     6     11     10     11     38     26     11      6     23     28     27      9     12     31     26     14      5     14      7 
  7441   6162   7238   8339   6568   6196   7541   8212   8519   7195   6213   7354   8650   7346   6923   7599   9012   8440   8600 
 17236  13361     86    168   7238   6196   6162   6568   7441   8339   7195   8519   8212   8650   9012   7346   8440   6923   8600   7599   7354   6213   7541  12768  26272      0      0  65535 
     0      0      0      0      0      0      0      0      0      0      0      0      0      0      0      0      0      0      0 
     0      0      0      0      0      0      0      0      0      0      0      0      0      0      0      0      0      0      0 
     0      0      0      0      0      0      0      0      0      0      0      0      0      0      0      0      0      0      0 
0 -1 -1
     6     11     10     11     39     26     11      6     23     29     27      9     12     31     27     14      5     14      7 
  7446   6165   7241   8343   6573   6202   7544   8216   8523   7199   6217   7356   8655   7348   6927   7604   9016   8443   8601 
 17236  13361     86    168   7241   6202   6165   6573   7446   8343   7199   8523   8216   8655   9016   7348   8443   6927   8601   7604   7356   6217   7544  12771  26272      0      0  65535 
     0      0      0      0      0      0      0      0      0      0      0      0      0      0      0      0      0      0      0 
     0      0      0      0      0      0      0      0      0      0      0      0      0      0      0      0      0      0      0 
     0      0      0      0      0      0      0      0      0      0      0      0      0      0      0      0      0      0      0 
0 -1 -1
     6     11     10     11     39     27     11      6     23     29     28      9     12     32     27     15      5     14      7 
  7448   6169   7244   8345   6577   6206   7546   8218   8527   7203   6223   7358   8657   7353   6931   7608   9018   8448   8606 
 17236  13361     86    168   7244   6206   6169   6577   7448   8345   7203   8527   8218   8657   9018   7353   8448   6931   8606   7608   7358   6223   7546  12772  26272      0      0  65535 
     0      0      0      0      0      0      0      0      0      0      0      0      0      0      0      0      0      0      0 
     0      0      0      0      0      0      0      0      0      0      0      0      0      0      0      0      0      0      0 
     0      0      0      0      0      0      0      0      0      0      0      0      0      0      0      0      0      0      0 
0 -1 -1
     6     11     10     12     40     27     12      6     23     29     28      9     12     32     27     15      5     14      7 
  7449   6172   7246   8349   6581   6208   7550   8219   8528   7206   6227   7363   8659   7356   6935   7610   9020   8449   8608 
 17236  13361     86    168   7246   6208   6172   6581   7449   8349   7206   8528   8219   8659   9020   7356   8449   6935   8608   7610   7363   6227   7550  12772  26273      0      0  65535 
     0      0      0      0      0      0      0      0      0      0      0      0      0      0      0      0      0      0      0 
     0      0      0      0      0      0      0      0      0      0      0      0      0      0      0      0      0      0      0 
     0      0      0      0      0      0      0      0      0      0      0      0      0      0      0      0      0      0      0 
0 -1 -1
     6     12     10     12     41     27     12      6     24     30     28      9     13     32     28     15      5     15      7 
  7454   6176   7249   8351   6586   6213   7555   8222   8533   7212   6231   7365   8662   7361   6940   7612   9023   8453   8613 
 17236  13361     86    168   7249   6213   6176   6586   7454   8351   7212   8533   8222   8662   9023   7361   8453   6940   8613   7612   7365   6231   7555  12755  26272      0      1  65535 
     0      0      0      0      0      0      0      0      0      0      0      0      0      0      0      0      0      0      0 
     0      0      0      0      0      0      0      0      0      0      0      0      0      0      0      0      0      0      0 
     0      0      0      0      0      0      0      0      0      0      0      0      0      0      0      0      0      0      0 
0 -1 -1
     6     12     11     12     41     28     12      7     24     30     29      9     13     33     28     15      5     15      7 
  7456   6179   7252   8354   6592   6217   7557   8224   8538   7216   6237   7370   8666   7364   6945   7617   9028   8457   8616 
 17236  13361     86    168   7252   6217   6179   6592   7456   8354   7216   8538   8224   8666   9028   7364   8457   6945   8616   7617   7370   6237   7557  12765  26271      0      0  65535 
     0      0      0      0      0      0      0      0      0      0      0      0      0      0      0      0      0      0      0 
     0      0      0      0      0      0      0      0      0      0      0      0      0      0      0      0      0      0      0 
     0      0      0      0      0      0      0      0      0      0      0      0      0      0      0      0      0      0      0 
0 -1 -1
     6     12     11     12     42     28     12      7     24     30     29      9     13     33     29     15      5     15      7 
  7459   6183   7255   8356   6594   6221   7559   8227   8541   7220   6240   7372   8667   7368   6948   7619   9028   8460   8620 
 17236  13361     86    168   7255   6221   6183   6594   7459   8356   7220   8541   8227   8667   9028   7368   8460   6948   8620   7619   7372   6240   7559  12773  26271      0      0  65535 
     0      0      0      0      0      0      0      0      0      0      0      0      0      0      0      0      0      0      0 
     0      0      0      0      0      0      0      0      0      0      0      0      0      0      0      0      0      0      0 
     0      0      0      0      0      0      0      0      0      0      0      0      0      0      0      0      0      0      0 
0 -1 -1
     7     12     11     12     42     28     12      7     24     31     30      9     13     33     29     15      6     15      7 
  7465   6186   7255   8359   6599   6224   7562   8229   8543   7225   6246   7373   8670   7371   6952   7622   9031   8465   8621 
 17236  13361     86    168   7255   6224   6186   6599   7465   8359   7225   8543   8229   8670   9031   7371   8465   6952   8621   7622   7373   6246   7562  12758  26271      0      0  65535 
     0      0      0      0      0      0      0      0      0      0      0      0      0      0      0      0      0      0      0 
     0      0      0      0      0      0      0      0      0      0      0      0      0      0      0      0      0      0      0 
     0      0      0      0      0      0      0      0      0      0      0      0      0      0      0      0      0      0      0 
0 -1 -1
     7     12     11     12     43     29     13      7     25     31     30      9     13     34     29     15      6     15      7 
  7466   6189   7259   8362   6604   6228   7567   8230   8549   7227   6249   7376   8673   7377   6957   7626   9035   8467   8625 
 17236  13361     86    168   7259   6228   6189   6604   7466   8362   7227   8549   8230   8673   9035   7377   8467   6957   8625   7626   7376   6249   7567  12759  26272      0      0  65535 
     0      0      0      0      0      0      0      0      0      0      0      0      0      0      0      0      0      0      0 
     0      0      0      0      0      0      0      0      0      0      0      0      0      0      0      0      0      0      0 
     0      0      0      0      0      0      0      0      0      0      0      0      0      0      0      0      0      0      0 
0 -1 -1
     7     12     11     13     44     29     13      7     25     31     31     10     13     35     30     16      6     16      7 
  7469   6193   7262   8367   6608   6232   7569   8235   8553   7232   6255   7379   8676   7382   6962   7629   9039   8471   8631 
 17236  13361     86    168   7262   6232   6193   6608   7469   8367   7232   8553   8235   8676   9039   7382   8471   6962   8631   7629   7379   6255   7569  12769  26272      0      0  65535 
     0      0      0      0      0      0      0      0      0      0      0      0      0      0      0      0      0      0      0 
     0      0      0      0      0      0      0      0      0      0      0      0      0      0      0      0      0      0      0 
     0      0      0      0      0      0      0      0      0      0      0      0      0      0      0      0      0      0      0 
0 -1 -1
     7     13     11     13     44     30     13      7     25     32     31     10     14     35     30     16      6     16      8 
  7474   6198   7265   8370   6614   6237   7572   8238   8556   7237   6260   7383   8681   7385   6967   7634   9042   8476   8636 
 17236  13361     86    168   7265   6237   6198   6614   7474   8370   7237   8556   8238   8681   9042   7385   8476   6967   8636   7634   7383   6260   7572  12777  26271      0      0  65535 
     0      0      0      0      0      0      0      0      0      0      0      0      0      0      0      0      0      0      0 
     0      0      0      0      0      0      0      0      0      0      0      0      0      0      0      0      0      0      0 
     0      0      0      0      0      0      0      0      0      0      0      0      0      0      0      0      0      0      0 
0 -1 -1
     7     13     11     13     45     30     13      7     26     32     32     10     14     35     31     16      6     16      8 
  7477   6201   7268   8373   6617   6241   7574   8239   8560   7243   6264   7385   8682   7390   6970   7637   9045   8478   8637 
 17236  13361     86    168   7268   6241   6201   6617   7477   8373   7243   8560   8239   8682   9045   7390   8478   6970   8637   7637   7385   6264   7574  12774  26271      1      0  65535 
     0      0      0      0      0      0      0      0      0      0      0      0      0      0      0      0      0      0      0 
     0      0      0      0      0      0      0      0      0      0      0      0      0      0      0      0      0      0      0 
     0      0      0      0      0      0      0      0      0      0      0      0      0      0      0      0      0      0      0 
0 -1 -1
     7     13     11     13     45     30     13      7     26     32     32     10     14     36     31     16      6     16      8 
  7479   6203   7271   8375   6621   6243   7577   8242   8563   7243   6267   7389   8683   7393   6973   7639   9045   8482   8641 
 17236  13361     86    168   7271   6243   6203   6621   7479   8375   7243   8563   8242   8683   9045   7393   8482   6973   8641   7639   7389   6267   7577  12764  26273      0      0  65535 
     0      0      0      0      0      0      0      0      0      0      0      0      0      0      0      0      0      0      0 
     0      0      0      0      0      0      0      0      0      0      0      0      0      0      0      0      0      0      0 
     0      0      0      0      0      0      0      0      0      0      0      0      0      0      0      0      0      0      0 
0 -1 -1
     7     13     11     13     46     30     13      7     26     33     32     10     14     36     31     16      6     16      8 
  7483   6207   7273   8380   6625   6246   7581   8245   8568   7250   6270   7391   8687   7397   6977   7642   9048   8486   8645 
 17236  13361     86    168   7273   6246   6207   6625   7483   8380   7250   8568   8245   8687   9048   7397   8486   6977   8645   7642   7391   6270   7581  12769  26273      0      0  65535 
     0      0      0      0      0      0      0      0      0      0      0      0      0      0      0      0      0      0      0 
     0      0      0      0      0      0      0      0      0      0      0      0      0      0      0      0      0      0      0 
     0      0      0      0      0      0      0      0      0      0      0      0      0      0      0      0      0      0      0 
0 -1 -1
     7     13     12     13     47     31     13      7     26     33     33     10     14     36     32     17      6     17      8 
  7485   6211   7275   8382   6629   6250   7582   8246   8571   7253   6275   7393   8689   7401   6982   7647   9051   8490   8648 
 17236  13361     86    168   7275   6250   6211   6629   7485   8382   7253   8571   8246   8689   9051   7401   8490   6982   8648   7647   7393   6275   7582  12767  26272      0      0  65535 
     0      0      0      0      0      0      0      0      0      0      0      0      0      0      0      0      0      0      0 
     0      0      0      0      0      0      0      0      0      0      0      0      0      0      0      0      0      0      0 
     0      0      0      0      0      0      0      0      0      0      0      0      0      0      0      0      0      0      0 
0 -1 -1
     7     13     12     13     47     31     14      7     27     33     33     10     14     37     32     17      6     17      8 
  7489   6212   7279   8385   6632   6254   7587   8249   8574   7256   6278   7395   8694   7404   6986   7649   9054   8494   8651 
 17236  13361     86    168   7279   6254   6212   6632   7489   8385   7256   8574   8249   8694   9054   7404   8494   6986   8651   7649   7395   6278   7587  12769  26271      0      0  65535 
     0      0      0      0      0      0      0      0      0      0      0      0      0      0      0      0      0      0      0 
     0      0      0      0      0      0      0      0      0      0      0      0      0      0      0      0      0      0      0 
     0      0      0      0      0      0      0      0      0      0      0      0      0      0      0      0      0      0      0 
0 -1 -1
     7     13     12     13     47     31     14      7     27     34     33     10     14     37     32     17      6     17      8 
  7490   6216   7280   8386   6635   6257   7587   8252   8577   7260   6283   7398   8694   7407   6989   7651   9057   8496   8654 
 17236  13361     86    168   7280   6257   6216   6635   7490   8386   7260   8577   8252   8694   9057   7407   8496   6989   8654   7651   7398   6283   7587  12771  26273      0      0  65535 
     0      0      0      0      0      0      0      0      0      0      0      0      0      0      0      0      0      0      0 
     0      0      0      0      0      0      0      0      0      0      0      0      0      0      0      0      0      0      0 
     0      0      0      0      0      0      0      0      0      0      0      0      0      0      0      0      0      0      0 
0 -1 -1
     7     14     12     14     48     32     14      7     27     34     34     10     14     37     32     17      6     17      8 
  7496   6219   7282   8391   6640   6259   7591   8252   8581   7265   6287   7401   8696   7411   6992   7655   9059   8500   8657 
 17236  13361     86    168   7282   6259   6219   6640   7496   8391   7265   8581   8252   8696   9059   7411   8500   6992   8657   7655   7401   6287   7591  12767  26272      0      0  65535 
     0      0      0      0      0      0      0      0      0      0      0      0      0      0      0      0      0      0      0 
     0      0      0      0      0      0      0      0      0      0      0      0      0      0      0      0      0      0      0 
     0      0      0      0      0      0      0      0      0      0      0      0      0      0      0      0      0      0      0 
0 -1 -1
     7     14     12     14     49     32     14      7     27     34     34     11     15     38     33     17      6     17      8 
  7496   6222   7284   8392   6644   6263   7594   8255   8583   7268   6290   7405   8699   7415   6996   7660   9061   8502   8662 
 17236  13361     86    168   7284   6263   6222   6644   7496   8392   7268   8583   8255   8699   9061   7415   8502   6996   8662   7660   7405   6290   7594  12770  26272      0      0  65535 
     0      0      0      0      0      0      0      0      0      0      0      0      0      0      0      0      0      0      0 
     0      0      0      0      0      0      0      0      0      0      0      0      0      0      0      0      0      0      0 
     0      0      0      0      0      0      0      0      0      0      0      0      0      0      0      0      0      0      0 
0 -1 -1
     7     14     12     14     49     32     14      8     28     35     34     11     15     38     33     17      6     17      8 
  7499   6225   7287   8394   6647   6266   7597   8257   8586   7271   6295   7407   8702   7418   7001   7661   9064   8506   8663 
 17236  13361     86    168   7287   6266   6225   6647   7499   8394   7271   8586   8257   8702   9064   7418   8506   7001   8663   7661   7407   6295   7597  12767  26272      0      0  65535 
     0      0      0      0      0      0      0      0      0      0      0      0      0      0      0      0      0      0      0 
     0      0      0      0      0      0      0      0      0      0      0      0      0      0      0      0      0      0      0 
     0      0      0      0      0      0      0      0      0      0      0      0      0      0      0      0      0      0      0 
0 -1 -1
