     3      9     16      5     16     76     27      3     18     36     71     36      5     23     31     32      7     22      9 
  6421   5231   6403   7189   5474   5793   6820   6974   7437   6332   5737   7068   7414   6320   6076   7025   8186   7702   7904 
 17236  13361     86    168   6403   5793   5231   5474   6421   7189   6332   7437   6974   7414   8186   6320   7702   6076   7904   7025   7068   5737   6820  12889  26273      0      0  65535 
     0      0      0      0      0      0      0      0      0      0      0      0      0      0      0      0      0      0      0 
     0      0      0      0      0      0      0      0      0      0      0      0      0      0      0      0      0      0      0 
     0      0      0      0      0      0      0      0      0      0      0      0      0      0      0      0      0      0      0 
0 -1 -1
     3      9     16      5     17     77     27      3     18     36     73     37      5     24     32     33      8     23     10 
  6421   5227   6395   7192   5480   5806   6825   6980   7447   6338   5756   7087   7422   6332   6091   7041   8201   7722   7920 
 17236  13361     86    169   6395   5806   5227   5480   6421   7192   6338   7447   6980   7422   8201   6332   7722   6091   7920   7041   7087   5756   6825  12941  26272      0      0  65535 
     0      0      0      0      0      0      0      0      0      0      0      0      0      0      0      0      0      0      0 
     0      0      0      0      0      0      0      0      0      0      0      0      0      0      0      0      0      0      0 
     0      0      0      0      0      0      0      0      0      0      0      0      0      0      0      0      0      0      0 
0 -1 -1
     3      8     14      4     15     71     22      3     16     33     60     32      5     21     26     27      7     20      8 
  6410   5210   6362   7183   5462   5737   6721   6970   7409   6297   5621   6946   7407   6301   6022   6932   8163   7665   7857 
 17236  13361     86    169   6362   5737   5210   5462   6410   7183   6297   7409   6970   7407   8163   6301   7665   6022   7857   6932   6946   5621   6721  12907  26272      0      0  65535 
     0      0      0      0      0      0      0      0      0      0      0      0      0      0      0      0      0      0      0 
     0      0      0      0      0      0      0      0      0      0      0      0      0      0      0      0      0      0      0 
     0      0      0      0      0      0      0      0      0      0      0      0      0      0      0      0      0      0      0 
0 -1 -1
     2      6     10      3     11     48     14      2     10     25     37     21      3     14     15     17      5     14      5 
  6387   5166   6283   7163   5433   5490   6571   6945   7329   6201   5373   6688   7374   6237   5898   6731   8076   7541   7739 
 17236  13361     86    169   6283   5490   5166   5433   6387   7163   6201   7329   6945   7374   8076   6237   7541   5898   7739   6731   6688   5373   6571  12897  26272      0      0  65535 
     0      0      0      0      0      0      0      0      0      0      0      0      0      0      0      0      0      0      0 
     0      0      0      0      0      0      0      0      0      0      0      0      0      0      0      0      0      0      0 
     0      0      0      0      0      0      0      0      0      0      0      0      0      0      0      0      0      0      0 
0 -1 -1
     2      5      7      2      6     24     10      1      5     16     20     14      1      8      8      9      3      8      3 
  6366   5126   6204   7140   5398   5227   6493   6912   7263   6097   5199   6498   7344   6175   5811   6590   7977   7424   7652 
 17236  13361     86    169   6204   5227   5126   5398   6366   7140   6097   7263   6912   7344   7977   6175   7424   5811   7652   6590   6498   5199   6493  12900  26271      0      0  65535 
     0      0      0      0      0      0      0      0      0      0      0      0      0      0      0      0      0      0      0 
     0      0      0      0      0      0      0      0      0      0      0      0      0      0      0      0      0      0      0 
     0      0      0      0      0      0      0      0      0      0      0      0      0      0      0      0      0      0      0 
0 -1 -1
     3      8     11      4     10     44     19      2      8     22     37     21      2     11     13     14      4     10      4 
  6419   5193   6304   7169   5432   5448   6666   6937   7310   6164   5370   6684   7361   6203   5870   6688   8021   7473   7701 
 17236  13361     86    169   6304   5448   5193   5432   6419   7169   6164   7310   6937   7361   8021   6203   7473   5870   7701   6688   6684   5370   6666  12906  26269      0      0  65535 
     0      0      0      0      0      0      0      0      0      0      0      0      0      0      0      0      0      0      0 
     0      0      0      0      0      0      0      0      0      0      0      0      0      0      0      0      0      0      0 
     0      0      0      0      0      0      0      0      0      0      0      0      0      0      0      0      0      0      0 
0 -1 -1
     4     11     18      5     17     75     30      3     17     30     67     34      4     19     26     25      6     16      7 
  6465   5272   6437   7203   5481   5785   6890   6971   7429   6263   5690   7020   7401   6280   6014   6895   8122   7586   7826 
 17236  13361     86    168   6437   5785   5272   5481   6465   7203   6263   7429   6971   7401   8122   6280   7586   6014   7826   6895   7020   5690   6890  12891  26270      0      0  65535 
     0      0      0      0      0      0      0      0      0      0      0      0      0      0      0      0      0      0      0 
     0      0      0      0      0      0      0      0      0      0      0      0      0      0      0      0      0      0      0 
     0      0      0      0      0      0      0      0      0      0      0      0      0      0      0      0      0      0      0 
0 -1 -1
     6     16     27      7     27    118     42      4     33     40    103     49      7     29     44     38      9     23     11 
  6518   5376   6636   7240   5555   6256   7120   7013   7640   6388   6068   7402   7449   6380   6221   7143   8240   7719   7967 
 17236  13361     86    168   6636   6256   5376   5555   6518   7240   6388   7640   7013   7449   8240   6380   7719   6221   7967   7143   7402   6068   7120  12901  26271      0      0  65535 
     0      0      0      0      0      0      0      0      0      0      0      0      0      0      0      0      0      0      0 
     0      0      0      0      0      0      0      0      0      0      0      0      0      0      0      0      0      0      0 
     0      0      0      0      0      0      0      0      0      0      0      0      0      0      0      0      0      0      0 
0 -1 -1
     6     17     30      7     31    140     45      4     39     46    119     55      7     34     52     43      9     26     12 
  6510   5400   6696   7243   5579   6501   7183   7013   7718   6460   6242   7546   7457   6431   6323   7237   8271   7778   8011 
 17236  13361     86    168   6696   6501   5400   5579   6510   7243   6460   7718   7013   7457   8271   6431   7778   6323   8011   7237   7546   6242   7183  12910  26270      0      0  65535 
     0      0      0      0      0      0      0      0      0      0      0      0      0      0      0      0      0      0      0 
     0      0      0      0      0      0      0      0      0      0      0      0      0      0      0      0      0      0      0 
     0      0      0      0      0      0      0      0      0      0      0      0      0      0      0      0      0      0      0 
0 -1 -1
     5     17     29      7     30    142     44      4     39     46    119     54      7     33     52     43      9     25     12 
  6508   5394   6683   7239   5577   6530   7161   7010   7721   6459   6239   7531   7454   6424   6317   7223   8266   7770   7999 
 17236  13361     86    168   6683   6530   5394   5577   6508   7239   6459   7721   7010   7454   8266   6424   7770   6317   7999   7223   7531   6239   7161  12905  26272      0      0  65535 
     0      0      0      0      0      0      0      0      0      0      0      0      0      0      0      0      0      0      0 
     0      0      0      0      0      0      0      0      0      0      0      0      0      0      0      0      0      0      0 
     0      0      0      0      0      0      0      0      0      0      0      0      0      0      0      0      0      0      0 
0 -1 -1
     6     17     29      7     31    142     45      4     39     46    119     54      7     33     51     42      9     25     11 
  6515   5398   6685   7243   5580   6522   7171   7014   7721   6454   6236   7524   7453   6417   6311   7203   8265   7759   7985 
 17236  13361     86    168   6685   6522   5398   5580   6515   7243   6454   7721   7014   7453   8265   6417   7759   6311   7985   7203   7524   6236   7171  12890  26272      0      0  65535 
     0      0      0      0      0      0      0      0      0      0      0      0      0      0      0      0      0      0      0 
     0      0      0      0      0      0      0      0      0      0      0      0      0      0      0      0      0      0      0 
     0      0      0      0      0      0      0      0      0      0      0      0      0      0      0      0      0      0      0 
0 -1 -1
     6     18     32      8     35    152     48      5     43     48    127     57      8     35     55     43     10     26     12 
  6542   5431   6745   7255   5608   6634   7240   7027   7779   6477   6318   7597   7464   6438   6356   7232   8287   7773   8003 
 17236  13361     86    168   6745   6634   5431   5608   6542   7255   6477   7779   7027   7464   8287   6438   7773   6356   8003   7232   7597   6318   7240  12912  26272      0      0  65535 
     0      0      0      0      0      0      0      0      0      0      0      0      0      0      0      0      0      0      0 
     0      0      0      0      0      0      0      0      0      0      0      0      0      0      0      0      0      0      0 
     0      0      0      0      0      0      0      0      0      0      0      0      0      0      0      0      0      0      0 
0 -1 -1
     8     24     42     10     50    200     67      6     65     58    180     77     10     51     83     55     12     31     16 
  6608   5553   6956   7295   5718   7165   7612   7061   8063   6602   6875   8103   7503   6601   6677   7467   8407   7883   8142 
 17236  13361     86    167   6956   7165   5553   5718   6608   7295   6602   8063   7061   7503   8407   6601   7883   6677   8142   7467   8103   6875   7612  12909  26272      0      0  65535 
     0      0      0      0      0      0      0      0      0      0      0      0      0      0      0      0      0      0      0 
     0      0      0      0      0      0      0      0      0      0      0      0      0      0      0      0      0      0      0 
     0      0      0      0      0      0      0      0      0      0      0      0      0      0      0      0      0      0      0 
0 -1 -1
    14     42     75     16    102    255    113      9    147     90    255    128     18    125    183     95     22     51     28 
  6830   5951   7671   7420   6092   9038   8542   7171   9154   6979   8534   9416   7668   7318   7816   8220   8833   8272   8629 
 17236  13361     86    166   7671   9038   5951   6092   6830   7420   6979   9154   7171   7668   8833   7318   8272   7816   8629   8220   9416   8534   8542  12901  26274      0      0  65535 
     0      0      0      0      0      0      0      0      0      0      0      0      0      0      0      0      0      0      0 
     0      0      0      0      0      0      0      0      0      0      0      0      0      0      0      0      0      0      0 
     0      0      0      0      0      0      0      0      0      0      0      0      0      0      0      0      0      0      0 
0 -1 -1
    22     64    114     24    181    255    164     14    255    130    255    183     29    249    255    137     34     77     43 
  7148   6445   8506   7593   6670  11232   9543   7338  10747   7460  10473  10808   7879   8535   9363   9014   9353   8779   9204 
 17236  13361     86    164   8506  11232   6445   6670   7148   7593   7460  10747   7338   7879   9353   8535   8779   9363   9204   9014  10808  10473   9543  12898  26271      0      0  65535 
     0      0      0      0      0      0      0      0      0      0      0      0      0      0      0      0      0      0      0 
     0      0      0      0      0      0      0      0      0      0      0      0      0      0      0      0      0      0      0 
     0      0      0      0      0      0      0      0      0      0      0      0      0      0      0      0      0      0      0 
0 -1 -1
    30     82    142     32    255    255    196     18    255    157    255    218     39    255    255    163     44     95     54 
  7451   6825   9122   7769   7225  12791  10178   7486  11905   7791  11737  11704   8076   9537  10415   9509   9772   9131   9612 
 17236  13361     86    163   9122  12791   6825   7225   7451   7769   7791  11905   7486   8076   9772   9537   9131  10415   9612   9509  11704  11737  10178  12906  26272      0      0  65535 
     0      0      0      0      0      0      0      0      0      0      0      0      0      0      0      0      0      0      0 
     0      0      0      0      0      0      0      0      0      0      0      0      0      0      0      0      0      0      0 
     0      0      0      0      0      0      0      0      0      0      0      0      0      0      0      0      0      0      0 
0 -1 -1
    38     99    167     41    255    255    226     23    255    183    255    249     50    255    255    188     53    114     64 
  7761   7210   9656   7960   7772  14033  10791   7655  12918   8092  12888  12508   8291  10456  11407   9991  10190   9493   9991 
 17236  13361     86    162   9656  14033   7210   7772   7761   7960   8092  12918   7655   8291  10190  10456   9493  11407   9991   9991  12508  12888  10791  12904  26273      0      0  65535 
     0      0      0      0      0      0      0      0      0      0      0      0      0      0      0      0      0      0      0 
     0      0      0      0      0      0      0      0      0      0      0      0      0      0      0      0      0      0      0 
     0      0      0      0      0      0      0      0      0      0      0      0      0      0      0      0      0      0      0 
0 -1 -1
    46    117    194     52    255    255    255     29    255    212    255    255     60    255    255    211     63    132     75 
  8079   7608  10236   8184   8446  15376  11394   7831  13997   8438  14117  13347   8487  11484  12586  10427  10601   9851  10412 
 17236  13361     86    160  10236  15376   7608   8446   8079   8184   8438  13997   7831   8487  10601  11484   9851  12586  10412  10427  13347  14117  11394  12904  26273      0      0  65535 
     0      0      0      0      0      0      0      0      0      0      0      0      0      0      0      0      0      0      0 
     0      0      0      0      0      0      0      0      0      0      0      0      0      0      0      0      0      0      0 
     0      0      0      0      0      0      0      0      0      0      0      0      0      0      0      0      0      0      0 
0 -1 -1
    54    134    219     63    255    255    255     33    255    240    255    255     69    255    255    229     71    148     85 
  8396   7982  10777   8418   9135  16642  11874   7982  15051   8778  15184  14062   8664  12444  13692  10770  10949  10162  10781 
 17236  13361     86    159  10777  16642   7982   9135   8396   8418   8778  15051   7982   8664  10949  12444  10162  13692  10781  10770  14062  15184  11874  12905  26272      0      0  65535 
     0      0      0      0      0      0      0      0      0      0      0      0      0      0      0      0      0      0      0 
     0      0      0      0      0      0      0      0      0      0      0      0      0      0      0      0      0      0      0 
     0      0      0      0      0      0      0      0      0      0      0      0      0      0      0      0      0      0      0 
0 -1 -1
    60    144    231     71    255    255    255     37    255    254    255    255     77    255    255    242     76    157     91 
  8614   8188  11026   8597   9515  17184  12121   8110  15627   8950  15721  14386   8823  13011  14284  11005  11190  10352  11017 
 17236  13361     86    159  11026  17184   8188   9515   8614   8597   8950  15627   8110   8823  11190  13011  10352  14284  11017  11005  14386  15721  12121  12893  26272      0      0  65535 
     0      0      0      0      0      0      0      0      0      0      0      0      0      0      0      0      0      0      0 
     0      0      0      0      0      0      0      0      0      0      0      0      0      0      0      0      0      0      0 
     0      0      0      0      0      0      0      0      0      0      0      0      0      0      0      0      0      0      0 
0 -1 -1
    68    157    247     82    255    255    255     42    255    255    255    255     89    255    255    255     83    172    100 
  8929   8478  11367   8830   9948  17806  12452   8292  16361   9160  16371  14827   9053  13694  14996  11303  11512  10636  11342 
 17236  13361     86    159  11367  17806   8478   9948   8929   8830   9160  16361   8292   9053  11512  13694  10636  14996  11342  11303  14827  16371  12452  12901  26273      0      0  65535 
     0      0      0      0      0      0      0      0      0      0      0      0      0      0      0      0      0      0      0 
     0      0      0      0      0      0      0      0      0      0      0      0      0      0      0      0      0      0      0 
     0      0      0      0      0      0      0      0      0      0      0      0      0      0      0      0      0      0      0 
0 -1 -1
    72    163    253     88    255    255    255     45    255    255    255    255     94    255    255    255     86    178    103 
  9062   8602  11503   8947  10140  18057  12577   8386  16711   9255  16626  15006   9160  13992  15314  11416  11648  10746  11480 
 17236  13361     86    158  11503  18057   8602  10140   9062   8947   9255  16711   8386   9160  11648  13992  10746  15314  11480  11416  15006  16626  12577  12897  26274      0      0  65535 
     0      0      0      0      0      0      0      0      0      0      0      0      0      0      0      0      0      0      0 
     0      0      0      0      0      0      0      0      0      0      0      0      0      0      0      0      0      0      0 
     0      0      0      0      0      0      0      0      0      0      0      0      0      0      0      0      0      0      0 
0 -1 -1
    75    167    255     92    255    255    255     47    255    255    255    255     99    255    255    255     89    183    106 
  9177   8707  11626   9040  10323  18288  12727   8456  17013   9334  16903  15198   9248  14259  15615  11526  11745  10858  11604 
 17236  13361     86    158  11626  18288   8707  10323   9177   9040   9334  17013   8456   9248  11745  14259  10858  15615  11604  11526  15198  16903  12727  12887  26275      0      0  65535 
     0      0      0      0      0      0      0      0      0      0      0      0      0      0      0      0      0      0      0 
     0      0      0      0      0      0      0      0      0      0      0      0      0      0      0      0      0      0      0 
     0      0      0      0      0      0      0      0      0      0      0      0      0      0      0      0      0      0      0 
0 -1 -1
    78    174    255     97    255    255    255     49    255    255    255    255    103    255    255    255     92    189    110 
  9303   8845  11789   9152  10575  18640  12882   8524  17375   9440  17203  15422   9331  14553  15930  11633  11876  10975  11734 
 17236  13361     86    158  11789  18640   8845  10575   9303   9152   9440  17375   8524   9331  11876  14553  10975  15930  11734  11633  15422  17203  12882  12882  26272      0      0  65535 
     0      0      0      0      0      0      0      0      0      0      0      0      0      0      0      0      0      0      0 
     0      0      0      0      0      0      0      0      0      0      0      0      0      0      0      0      0      0      0 
     0      0      0      0      0      0      0      0      0      0      0      0      0      0      0      0      0      0      0 
0 -1 -1
    80    177    255    101    255    255    255     50    255    255    255    255    106    255    255    255     94    193    112 
  9380   8925  11875   9223  10721  18818  12999   8561  17601   9507  17429  15581   9387  14749  16168  11706  11966  11052  11834 
 17236  13361     86    158  11875  18818   8925  10721   9380   9223   9507  17601   8561   9387  11966  14749  11052  16168  11834  11706  15581  17429  12999  12910  26275      0      0  65535 
     0      0      0      0      0      0      0      0      0      0      0      0      0      0      0      0      0      0      0 
     0      0      0      0      0      0      0      0      0      0      0      0      0      0      0      0      0      0      0 
     0      0      0      0      0      0      0      0      0      0      0      0      0      0      0      0      0      0      0 
0 -1 -1
    81    180    255    103    255    255    255     51    255    255    255    255    107    255    255    255     95    194    113 
  9417   8983  11933   9266  10836  18951  13006   8585  17746   9544  17471  15627   9410  14843  16273  11724  12014  11068  11863 
 17236  13361     86    158  11933  18951   8983  10836   9417   9266   9544  17746   8585   9410  12014  14843  11068  16273  11863  11724  15627  17471  13006  12915  26274      0      0  65535 
     0      0      0      0      0      0      0      0      0      0      0      0      0      0      0      0      0      0      0 
     0      0      0      0      0      0      0      0      0      0      0      0      0      0      0      0      0      0      0 
     0      0      0      0      0      0      0      0      0      0      0      0      0      0      0      0      0      0      0 
0 -1 -1
    83    183    255    107    255    255    255     53    255    255    255    255    111    255    255    255     97    198    116 
  9506   9052  11995   9350  10969  19087  13091   8655  17990   9605  17653  15751   9483  15057  16501  11798  12112  11146  11956 
 17236  13361     86    158  11995  19087   9052  10969   9506   9350   9605  17990   8655   9483  12112  15057  11146  16501  11956  11798  15751  17653  13091  12915  26271      0      0  65535 
     0      0      0      0      0      0      0      0      0      0      0      0      0      0      0      0      0      0      0 
     0      0      0      0      0      0      0      0      0      0      0      0      0      0      0      0      0      0      0 
     0      0      0      0      0      0      0      0      0      0      0      0      0      0      0      0      0      0      0 
0 -1 -1
    85    187    255    110    255    255    255     55    255    255    255    255    114    255    255    255     99    202    118 
  9592   9132  12080   9424  11114  19255  13166   8714  18211   9667  17821  15875   9541  15257  16719  11872  12204  11223  12049 
 17236  13361     86    157  12080  19255   9132  11114   9592   9424   9667  18211   8714   9541  12204  15257  11223  16719  12049  11872  15875  17821  13166  12909  26274      0      0  65535 
     0      0      0      0      0      0      0      0      0      0      0      0      0      0      0      0      0      0      0 
     0      0      0      0      0      0      0      0      0      0      0      0      0      0      0      0      0      0      0 
     0      0      0      0      0      0      0      0      0      0      0      0      0      0      0      0      0      0      0 
0 -1 -1
    87    190    255    113    255    255    255     56    255    255    255    255    116    255    255    255    101    205    120 
  9666   9201  12162   9478  11224  19400  13233   8759  18372   9716  17948  15977   9588  15415  16889  11939  12278  11284  12129 
 17236  13361     86    157  12162  19400   9201  11224   9666   9478   9716  18372   8759   9588  12278  15415  11284  16889  12129  11939  15977  17948  13233  12907  26270      0      0  65535 
     0      0      0      0      0      0      0      0      0      0      0      0      0      0      0      0      0      0      0 
     0      0      0      0      0      0      0      0      0      0      0      0      0      0      0      0      0      0      0 
     0      0      0      0      0      0      0      0      0      0      0      0      0      0      0      0      0      0      0 
0 -1 -1
    89    193    255    115    255    255    255     57    255    255    255    255    118    255    255    255    102    208    122 
  9730   9260  12220   9532  11324  19499  13292   8804  18529   9756  18047  16058   9630  15563  17042  11986  12343  11337  12193 
 17236  13361     86    157  12220  19499   9260  11324   9730   9532   9756  18529   8804   9630  12343  15563  11337  17042  12193  11986  16058  18047  13292  12911  26270      0      0  65535 
     0      0      0      0      0      0      0      0      0      0      0      0      0      0      0      0      0      0      0 
     0      0      0      0      0      0      0      0      0      0      0      0      0      0      0      0      0      0      0 
     0      0      0      0      0      0      0      0      0      0      0      0      0      0      0      0      0      0      0 
0 -1 -1
    90    195    255    117    255    255    255     59    255    255    255    255    120    255    255    255    104    210    123 
  9781   9306  12269   9570  11396  19577  13352   8839  18652   9786  18141  16138   9664  15683  17174  12038  12396  11377  12253 
 17236  13361     86    157  12269  19577   9306  11396   9781   9570   9786  18652   8839   9664  12396  15683  11377  17174  12253  12038  16138  18141  13352  12910  26270      0      0  65535 
     0      0      0      0      0      0      0      0      0      0      0      0      0      0      0      0      0      0      0 
     0      0      0      0      0      0      0      0      0      0      0      0      0      0      0      0      0      0      0 
     0      0      0      0      0      0      0      0      0      0      0      0      0      0      0      0      0      0      0 
0 -1 -1
    95    203    255    124    255    255    255     63    255    255    255    255    127    255    255    255    108    218    129 
  9965   9486  12469   9718  11673  19968  13552   8975  19090   9913  18504  16390   9805  16101  17605  12200  12590  11546  12445 
 17236  13361     86    157  12469  19968   9486  11673   9965   9718   9913  19090   8975   9805  12590  16101  11546  17605  12445  12200  16390  18504  13552  12909  26269      0      0  65535 
     0      0      0      0      0      0      0      0      0      0      0      0      0      0      0      0      0      0      0 
     0      0      0      0      0      0      0      0      0      0      0      0      0      0      0      0      0      0      0 
     0      0      0      0      0      0      0      0      0      0      0      0      0      0      0      0      0      0      0 
0 -1 -1
    99    210    255    130    255    255    255     66    255    255    255    255    133    255    255    255    112    226    133 
 10128   9652  12648   9850  11923  20321  13728   9096  19476  10012  18807  16613   9925  16465  17983  12349  12766  11700  12620 
 17236  13361     86    156  12648  20321   9652  11923  10128   9850  10012  19476   9096   9925  12766  16465  11700  17983  12620  12349  16613  18807  13728  12909  26272      0      0  65535 
     0      0      0      0      0      0      0      0      0      0      0      0      0      0      0      0      0      0      0 
     0      0      0      0      0      0      0      0      0      0      0      0      0      0      0      0      0      0      0 
     0      0      0      0      0      0      0      0      0      0      0      0      0      0      0      0      0      0      0 
0 -1 -1
   102    215    255    134    255    255    255     69    255    255    255    255    138    255    255    255    115    231    136 
 10234   9747  12755   9937  12076  20505  13828   9177  19731  10075  18972  16752  10013  16698  18206  12450  12881  11796  12734 
 17236  13361     86    156  12755  20505   9747  12076  10234   9937  10075  19731   9177  10013  12881  16698  11796  18206  12734  12450  16752  18972  13828  12911  26272      0      0  65535 
     0      0      0      0      0      0      0      0      0      0      0      0      0      0      0      0      0      0      0 
     0      0      0      0      0      0      0      0      0      0      0      0      0      0      0      0      0      0      0 
     0      0      0      0      0      0      0      0      0      0      0      0      0      0      0      0      0      0      0 
0 -1 -1
   109    227    255    144    255    255    255     75    255    255    255    255    149    255    255    255    121    244    143 
 10493  10011  13052  10145  12471  21059  14117   9379  20352  10263  19472  17112  10227  17260  18816  12689  13161  12055  13008 
 17236  13361     86    156  13052  21059  10011  12471  10493  10145  10263  20352   9379  10227  13161  17260  12055  18816  13008  12689  17112  19472  14117  12912  26271      0      0  65535 
     0      0      0      0      0      0      0      0      0      0      0      0      0      0      0      0      0      0      0 
     0      0      0      0      0      0      0      0      0      0      0      0      0      0      0      0      0      0      0 
     0      0      0      0      0      0      0      0      0      0      0      0      0      0      0      0      0      0      0 
0 -1 -1
   115    237    255    153    255    255    255     80    255    255    255    255    159    255    255    255    127    255    150 
 10715  10248  13304  10338  12801  21490  14376   9571  20906  10428  19883  17451  10425  17771  19389  12907  13416  12292  13253 
 17236  13361     86    155  13304  21490  10248  12801  10715  10338  10428  20906   9571  10425  13416  17771  12292  19389  13253  12907  17451  19883  14376  12907  26271      0      0  65535 
     0      0      0      0      0      0      0      0      0      0      0      0      0      0      0      0      0      0      0 
     0      0      0      0      0      0      0      0      0      0      0      0      0      0      0      0      0      0      0 
     0      0      0      0      0      0      0      0      0      0      0      0      0      0      0      0      0      0      0 
0 -1 -1
   123    252    255    166    255    255    255     88    255    255    255    255    171    255    255    255    135    255    158 
 11022  10568  13650  10605  13328  22141  14682   9826  21666  10662  20392  17877  10669  18474  20134  13153  13753  12593  13554 
 17236  13361     86    155  13650  22141  10568  13328  11022  10605  10662  21666   9826  10669  13753  18474  12593  20134  13554  13153  17877  20392  14682  12910  26272      0      0  65535 
     0      0      0      0      0      0      0      0      0      0      0      0      0      0      0      0      0      0      0 
     0      0      0      0      0      0      0      0      0      0      0      0      0      0      0      0      0      0      0 
     0      0      0      0      0      0      0      0      0      0      0      0      0      0      0      0      0      0      0 
0 -1 -1
   126    255    255    172    255    255    255     91    255    255    255    255    175    255    255    255    137    255    160 
 11138  10728  13785  10735  13638  22405  14751   9926  22049  10773  20527  18075  10747  18815  20457  13215  13877  12702  13651 
 17236  13361     86    154  13785  22405  10728  13638  11138  10735  10773  22049   9926  10747  13877  18815  12702  20457  13651  13215  18075  20527  14751  12925  26273      0      0  65535 
     0      0      0      0      0      0      0      0      0      0      0      0      0      0      0      0      0      0      0 
     0      0      0      0      0      0      0      0      0      0      0      0      0      0      0      0      0      0      0 
     0      0      0      0      0      0      0      0      0      0      0      0      0      0      0      0      0      0      0 
0 -1 -1
   128    255    255    178    255    255    255     94    255    255    255    255    179    255    255    255    140    255    162 
 11249  10821  13865  10851  13835  22520  14808  10021  22340  10841  20601  18205  10821  19066  20655  13287  13984  12797  13736 
 17236  13361     86    154  13865  22520  10821  13835  11249  10851  10841  22340  10021  10821  13984  19066  12797  20655  13736  13287  18205  20601  14808  12935  26273      0      0  65535 
     0      0      0      0      0      0      0      0      0      0      0      0      0      0      0      0      0      0      0 
     0      0      0      0      0      0      0      0      0      0      0      0      0      0      0      0      0      0      0 
     0      0      0      0      0      0      0      0      0      0      0      0      0      0      0      0      0      0      0 
0 -1 -1
   128    255    255    177    255    255    255     94    255    255    255    255    179    255    255    255    139    255    161 
 11244  10765  13803  10830  13724  22268  14712  10020  22244  10791  20348  18112  10812  18927  20424  13262  13947  12740  13684 
 17236  13361     86    155  13803  22268  10765  13724  11244  10830  10791  22244  10020  10812  13947  18927  12740  20424  13684  13262  18112  20348  14712  12939  26272      0      0  65535 
     0      0      0      0      0      0      0      0      0      0      0      0      0      0      0      0      0      0      0 
     0      0      0      0      0      0      0      0      0      0      0      0      0      0      0      0      0      0      0 
     0      0      0      0      0      0      0      0      0      0      0      0      0      0      0      0      0      0      0 
0 -1 -1
   127    255    255    176    255    255    255     92    255    255    255    255    176    255    255    255    137    255    159 
 11194  10717  13741  10812  13680  22104  14633   9983  22153  10761  20135  18026  10757  18797  20222  13181  13883  12668  13605 
 17236  13361     86    155  13741  22104  10717  13680  11194  10812  10761  22153   9983  10757  13883  18797  12668  20222  13605  13181  18026  20135  14633  12925  26272      0      0  65535 
     0      0      0      0      0      0      0      0      0      0      0      0      0      0      0      0      0      0      0 
     0      0      0      0      0      0      0      0      0      0      0      0      0      0      0      0      0      0      0 
     0      0      0      0      0      0      0      0      0      0      0      0      0      0      0      0      0      0      0 
0 -1 -1
   126    255    255    174    255    255    255     92    255    255    255    255    174    255    255    255    136    255    157 
 11151  10651  13667  10772  13568  21903  14546   9953  22025  10711  19935  17926  10720  18642  19993  13128  13821  12597  13533 
 17236  13361     86    155  13667  21903  10651  13568  11151  10772  10711  22025   9953  10720  13821  18642  12597  19993  13533  13128  17926  19935  14546  12919  26272      0      0  65535 
     0      0      0      0      0      0      0      0      0      0      0      0      0      0      0      0      0      0      0 
     0      0      0      0      0      0      0      0      0      0      0      0      0      0      0      0      0      0      0 
     0      0      0      0      0      0      0      0      0      0      0      0      0      0      0      0      0      0      0 
0 -1 -1
   122    248    255    168    255    255    255     88    255    255    255    255    167    255    255    255    132    255    151 
 10994  10472  13464  10650  13296  21460  14297   9834  21649  10578  19464  17641  10589  18208  19471  12950  13637  12404  13319 
 17236  13361     86    155  13464  21460  10472  13296  10994  10650  10578  21649   9834  10589  13637  18208  12404  19471  13319  12950  17641  19464  14297  12909  26272      0      0  65535 
     0      0      0      0      0      0      0      0      0      0      0      0      0      0      0      0      0      0      0 
     0      0      0      0      0      0      0      0      0      0      0      0      0      0      0      0      0      0      0 
     0      0      0      0      0      0      0      0      0      0      0      0      0      0      0      0      0      0      0 
0 -1 -1
   114    231    255    156    255    255    255     81    255    255    255    255    154    255    255    255    124    244    142 
 10678  10112  13059  10398  12753  20624  13869   9600  20906  10321  18688  17136  10338  17415  18594  12637  13279  12053  12942 
 17236  13361     86    156  13059  20624  10112  12753  10678  10398  10321  20906   9600  10338  13279  17415  12053  18594  12942  12637  17136  18688  13869  12873  26275      0      0  65535 
     0      0      0      0      0      0      0      0      0      0      0      0      0      0      0      0      0      0      0 
     0      0      0      0      0      0      0      0      0      0      0      0      0      0      0      0      0      0      0 
     0      0      0      0      0      0      0      0      0      0      0      0      0      0      0      0      0      0      0 
0 -1 -1
   110    224    255    151    255    255    255     78    255    255    255    255    149    255    255    255    120    237    137 
 10547   9951  12870  10289  12505  20233  13686   9508  20592  10210  18360  16913  10240  17082  18229  12507  13125  11907  12784 
 17236  13361     86    156  12870  20233   9951  12505  10547  10289  10210  20592   9508  10240  13125  17082  11907  18229  12784  12507  16913  18360  13686  12892  26273      0      0  65535 
     0      0      0      0      0      0      0      0      0      0      0      0      0      0      0      0      0      0      0 
     0      0      0      0      0      0      0      0      0      0      0      0      0      0      0      0      0      0      0 
     0      0      0      0      0      0      0      0      0      0      0      0      0      0      0      0      0      0      0 
0 -1 -1
   106    216    255    145    255    255    255     75    255    255    255    255    143    255    255    255    116    228    133 
 10384   9775  12667  10162  12243  19821  13491   9389  20217  10085  18008  16677  10109  16705  17828  12357  12946  11740  12607 
 17236  13361     86    157  12667  19821   9775  12243  10384  10162  10085  20217   9389  10109  12946  16705  11740  17828  12607  12357  16677  18008  13491  12894  26272      0      0  65535 
     0      0      0      0      0      0      0      0      0      0      0      0      0      0      0      0      0      0      0 
     0      0      0      0      0      0      0      0      0      0      0      0      0      0      0      0      0      0      0 
     0      0      0      0      0      0      0      0      0      0      0      0      0      0      0      0      0      0      0 
0 -1 -1
   100    206    255    137    255    255    255     70    255    255    255    255    134    255    255    255    111    218    127 
 10171   9556  12420   9991  11910  19319  13243   9225  19722   9927  17559  16382   9935  16226  17338  12164  12711  11529  12387 
 17236  13361     86    157  12420  19319   9556  11910  10171   9991   9927  19722   9225   9935  12711  16226  11529  17338  12387  12164  16382  17559  13243  12903  26273      0      0  65535 
     0      0      0      0      0      0      0      0      0      0      0      0      0      0      0      0      0      0      0 
     0      0      0      0      0      0      0      0      0      0      0      0      0      0      0      0      0      0      0 
     0      0      0      0      0      0      0      0      0      0      0      0      0      0      0      0      0      0      0 
0 -1 -1
    95    196    255    129    255    255    255     65    255    255    255    255    124    255    255    255    105    205    120 
  9961   9339  12191   9816  11570  18830  12949   9050  19188   9761  17020  16029   9748  15683  16768  11940  12452  11283  12133 
 17236  13361     86    157  12191  18830   9339  11570   9961   9816   9761  19188   9050   9748  12452  15683  11283  16768  12133  11940  16029  17020  12949  12914  26272      0      0  65535 
     0      0      0      0      0      0      0      0      0      0      0      0      0      0      0      0      0      0      0 
     0      0      0      0      0      0      0      0      0      0      0      0      0      0      0      0      0      0      0 
     0      0      0      0      0      0      0      0      0      0      0      0      0      0      0      0      0      0      0 
0 -1 -1
    71    151    232     94    255    255    255     45    255    255    255    255     87    255    255    233     79    150     88 
  9051   8356  11055   9081   9991  16411  11407   8391  16741   8958  14283  14088   9023  13227  13995  10841  11308  10201  10919 
 17236  13361     86    160  11055  16411   8356   9991   9051   9081   8958  16741   8391   9023  11308  13227  10201  13995  10919  10841  14088  14283  11407  12907  26272      0      0  65535 
     0      0      0      0      0      0      0      0      0      0      0      0      0      0      0      0      0      0      0 
     0      0      0      0      0      0      0      0      0      0      0      0      0      0      0      0      0      0      0 
     0      0      0      0      0      0      0      0      0      0      0      0      0      0      0      0      0      0      0 
0 -1 -1
    43     91    152     52    255    255    182     27    255    166    255    224     51    255    255    175     51     98     57 
  7971   7031   9337   8184   7730  12594   9900   7790  13489   7887  11385  11866   8320  10425  10814   9735  10074   9190   9722 
 17236  13361     86    163   9337  12594   7031   7730   7971   8184   7887  13489   7790   8320  10074  10425   9190  10814   9722   9735  11866  11385   9900  12911  26272      0      0  65535 
     0      0      0      0      0      0      0      0      0      0      0      0      0      0      0      0      0      0      0 
     0      0      0      0      0      0      0      0      0      0      0      0      0      0      0      0      0      0      0 
     0      0      0      0      0      0      0      0      0      0      0      0      0      0      0      0      0      0      0 
0 -1 -1
    25     55     99     27    156    255    114     15    255    107    255    145     27    230    236    114     29     60     33 
  7263   6230   8181   7665   6488   9917   8550   7359  11076   7181   8939   9854   7855   8354   8424   8582   9135   8437   8794 
 17236  13361     86    165   8181   9917   6230   6488   7263   7665   7181  11076   7359   7855   9135   8354   8437   8424   8794   8582   9854   8939   8550  12910  26272      0      0  65535 
     0      0      0      0      0      0      0      0      0      0      0      0      0      0      0      0      0      0      0 
     0      0      0      0      0      0      0      0      0      0      0      0      0      0      0      0      0      0      0 
     0      0      0      0      0      0      0      0      0      0      0      0      0      0      0      0      0      0      0 
0 -1 -1
    14     33     61     16     73    255     79      8    177     71    251    101     16    111    126     80     18     39     21 
  6851   5753   7368   7420   5882   8025   7865   7138   9552   6758   7630   8720   7633   7187   7161   7931   8627   8036   8340 
 17236  13361     86    167   7368   8025   5753   5882   6851   7420   6758   9552   7138   7633   8627   7187   8036   7161   8340   7931   8720   7630   7865  12906  26272      0      0  65535 
     0      0      0      0      0      0      0      0      0      0      0      0      0      0      0      0      0      0      0 
     0      0      0      0      0      0      0      0      0      0      0      0      0      0      0      0      0      0      0 
     0      0      0      0      0      0      0      0      0      0      0      0      0      0      0      0      0      0      0 
0 -1 -1
     9     24     44     11     48    206     52      5    118     54    164     69     10     59     70     51     11     25     12 
  6661   5551   6996   7322   5701   7232   7312   7033   8763   6555   6712   7895   7505   6680   6523   7374   8337   7762   8016 
 17236  13361     86    167   6996   7232   5551   5701   6661   7322   6555   8763   7033   7505   8337   6680   7762   6523   8016   7374   7895   6712   7312  12921  26272      0      0  65535 
     0      0      0      0      0      0      0      0      0      0      0      0      0      0      0      0      0      0      0 
     0      0      0      0      0      0      0      0      0      0      0      0      0      0      0      0      0      0      0 
     0      0      0      0      0      0      0      0      0      0      0      0      0      0      0      0      0      0      0 
0 -1 -1
     5     10     18      5     17     77     20      2     27     27     50     26      4     16     18     20      4     12      5 
  6471   5251   6441   7203   5479   5803   6682   6950   7563   6225   5516   6813   7402   6259   5922   6795   8052   7500   7734 
 17236  13361     86    168   6441   5803   5251   5479   6471   7203   6225   7563   6950   7402   8052   6259   7500   5922   7734   6795   6813   5516   6682  12908  26271      0      0  65535 
     0      0      0      0      0      0      0      0      0      0      0      0      0      0      0      0      0      0      0 
     0      0      0      0      0      0      0      0      0      0      0      0      0      0      0      0      0      0      0 
     0      0      0      0      0      0      0      0      0      0      0      0      0      0      0      0      0      0      0 
0 -1 -1
     2      3      5      2      5     13      6      1      4     10      8      6      1      5      3      5      1      5      1 
  6364   5101   6161   7137   5394   5105   6398   6900   7259   6028   5064   6285   7346   6146   5757   6518   7911   7361   7604 
 17236  13361     86    169   6161   5105   5101   5394   6364   7137   6028   7259   6900   7346   7911   6146   7361   5757   7604   6518   6285   5064   6398  12915  26271      0      0  65535 
     0      0      0      0      0      0      0      0      0      0      0      0      0      0      0      0      0      0      0 
     0      0      0      0      0      0      0      0      0      0      0      0      0      0      0      0      0      0      0 
     0      0      0      0      0      0      0      0      0      0      0      0      0      0      0      0      0      0      0 
0 -1 -1
     1      2      2      1      3      5      3      1      2      6      2      2      1      3      1      3      0      2      1 
  6335   5067   6104   7120   5380   5007   6334   6888   7236   5974   5011   6188   7333   6123   5731   6464   7873   7319   7575 
 17236  13361     86    169   6104   5007   5067   5380   6335   7120   5974   7236   6888   7333   7873   6123   7319   5731   7575   6464   6188   5011   6334  12920  26274      0      0  65535 
     0      0      0      0      0      0      0      0      0      0      0      0      0      0      0      0      0      0      0 
     0      0      0      0      0      0      0      0      0      0      0      0      0      0      0      0      0      0      0 
     0      0      0      0      0      0      0      0      0      0      0      0      0      0      0      0      0      0      0 
0 -1 -1
     0      1      0      1      2      0      0      0      1      2      0      0      1      0      0      1      0      1      0 
  6310   5040   6065   7105   5371   4960   6292   6876   7220   5930   4981   6121   7327   6102   5715   6433   7837   7282   7554 
 17236  13361     86    170   6065   4960   5040   5371   6310   7105   5930   7220   6876   7327   7837   6102   7282   5715   7554   6433   6121   4981   6292  12920  26274      0      0  65535 
     0      0      0      0      0      0      0      0      0      0      0      0      0      0      0      0      0      0      0 
     0      0      0      0      0      0      0      0      0      0      0      0      0      0      0      0      0      0      0 
     0      0      0      0      0      0      0      0      0      0      0      0      0      0      0      0      0      0      0 
0 -1 -1
     0      0      0      1      2      0      0      0      1      2      0      0      0      0      0      0      0      0      0 
  6307   5035   6051   7105   5368   4953   6286   6875   7218   5924   4977   6095   7324   6096   5713   6424   7818   7271   7546 
 17236  13361     86    170   6051   4953   5035   5368   6307   7105   5924   7218   6875   7324   7818   6096   7271   5713   7546   6424   6095   4977   6286  12919  26273      0      0  65535 
     0      0      0      0      0      0      0      0      0      0      0      0      0      0      0      0      0      0      0 
     0      0      0      0      0      0      0      0      0      0      0      0      0      0      0      0      0      0      0 
     0      0      0      0      0      0      0      0      0      0      0      0      0      0      0      0      0      0      0 
0 -1 -1
     0      0      0      1      2      0      0      0      1      1      0      0      0      0      0      0      0      0      0 
  6308   5034   6048   7104   5369   4956   6284   6875   7218   5921   4978   6089   7324   6094   5712   6422   7811   7264   7544 
 17236  13361     86    170   6048   4956   5034   5369   6308   7104   5921   7218   6875   7324   7811   6094   7264   5712   7544   6422   6089   4978   6284  12915  26273      0      0  65535 
     0      0      0      0      0      0      0      0      0      0      0      0      0      0      0      0      0      0      0 
     0      0      0      0      0      0      0      0      0      0      0      0      0      0      0      0      0      0      0 
     0      0      0      0      0      0      0      0      0      0      0      0      0      0      0      0      0      0      0 
0 -1 -1
     0      0      0      1      2      0      0      0      1      2      0      0      0      0      0      0      0      0      0 
  6308   5034   6048   7104   5369   4957   6283   6877   7219   5924   4978   6086   7325   6094   5715   6421   7810   7263   7539 
 17236  13361     86    170   6048   4957   5034   5369   6308   7104   5924   7219   6877   7325   7810   6094   7263   5715   7539   6421   6086   4978   6283  12916  26274      0      0  65535 
     0      0      0      0      0      0      0      0      0      0      0      0      0      0      0      0      0      0      0 
     0      0      0      0      0      0      0      0      0      0      0      0      0      0      0      0      0      0      0 
     0      0      0      0      0      0      0      0      0      0      0      0      0      0      0      0      0      0      0 
0 -1 -1
     0      0      0      1      2      0      0      0      1      2      0      0      0      0      0      0      0      0      0 
  6308   5035   6050   7104   5368   4957   6283   6877   7218   5924   4980   6085   7324   6095   5716   6422   7810   7263   7538 
 17236  13361     86    169   6050   4957   5035   5368   6308   7104   5924   7218   6877   7324   7810   6095   7263   5716   7538   6422   6085   4980   6283  12921  26275      0      0  65535 
     0      0      0      0      0      0      0      0      0      0      0      0      0      0      0      0      0      0      0 
     0      0      0      0      0      0      0      0      0      0      0      0      0      0      0      0      0      0      0 
     0      0      0      0      0      0      0      0      0      0      0      0      0      0      0      0      0      0      0 
0 -1 -1
     0      0      0      1      2      0      0      0      1      2      0      0      0      0      0      0      0      0      0 
  6309   5034   6049   7105   5369   4959   6283   6877   7218   5924   4980   6084   7325   6094   5716   6421   7809   7261   7537 
 17236  13361     86    170   6049   4959   5034   5369   6309   7105   5924   7218   6877   7325   7809   6094   7261   5716   7537   6421   6084   4980   6283  12918  26272      0      0  65535 
     0      0      0      0      0      0      0      0      0      0      0      0      0      0      0      0      0      0      0 
     0      0      0      0      0      0      0      0      0      0      0      0      0      0      0      0      0      0      0 
     0      0      0      0      0      0      0      0      0      0      0      0      0      0      0      0      0      0      0 
0 -1 -1
     0      0      0      1      2      0      0      0      1      2      0      0      0      0      0      0      0      0      0 
  6310   5034   6049   7106   5370   4960   6285   6876   7217   5924   4981   6083   7326   6094   5717   6422   7812   7262   7536 
 17236  13361     86    170   6049   4960   5034   5370   6310   7106   5924   7217   6876   7326   7812   6094   7262   5717   7536   6422   6083   4981   6285  12918  26271      0      0  65535 
     0      0      0      0      0      0      0      0      0      0      0      0      0      0      0      0      0      0      0 
     0      0      0      0      0      0      0      0      0      0      0      0      0      0      0      0      0      0      0 
     0      0      0      0      0      0      0      0      0      0      0      0      0      0      0      0      0      0      0 
0 -1 -1
     0      0      0      1      2      0      0      0      1      1      0      0      0      0      0      0      0      0      0 
  6309   5035   6050   7105   5371   4959   6284   6877   7219   5923   4982   6083   7323   6096   5717   6422   7811   7261   7535 
 17236  13361     86    169   6050   4959   5035   5371   6309   7105   5923   7219   6877   7323   7811   6096   7261   5717   7535   6422   6083   4982   6284  12919  26271      0      0  65535 
     0      0      0      0      0      0      0      0      0      0      0      0      0      0      0      0      0      0      0 
     0      0      0      0      0      0      0      0      0      0      0      0      0      0      0      0      0      0      0 
     0      0      0      0      0      0      0      0      0      0      0      0      0      0      0      0      0      0      0 
0 -1 -1
     0      0      0      1      2      0      0      0      1      1      0      0      0      0      0      0      0      0      0 
  6308   5035   6050   7104   5370   4961   6283   6877   7219   5923   4983   6084   7324   6095   5718   6422   7811   7263   7535 
 17236  13361     86    170   6050   4961   5035   5370   6308   7104   5923   7219   6877   7324   7811   6095   7263   5718   7535   6422   6084   4983   6283  12920  26273      0      0  65535 
     0      0      0      0      0      0      0      0      0      0      0      0      0      0      0      0      0      0      0 
     0      0      0      0      0      0      0      0      0      0      0      0      0      0      0      0      0      0      0 
     0      0      0      0      0      0      0      0      0      0      0      0      0      0      0      0      0      0      0 
0 -1 -1
     0      0      0      1      2      0      0      0      1      1      0      0      0      0      0      0      0      0      0 
  6309   5035   6050   7104   5370   4960   6284   6876   7217   5923   4984   6084   7324   6096   5719   6423   7812   7263   7537 
 17236  13361     86    170   6050   4960   5035   5370   6309   7104   5923   7217   6876   7324   7812   6096   7263   5719   7537   6423   6084   4984   6284  12920  26270      0      0  65535 
     0      0      0      0      0      0      0      0      0      0      0      0      0      0      0      0      0      0      0 
     0      0      0      0      0      0      0      0      0      0      0      0      0      0      0      0      0      0      0 
     0      0      0      0      0      0      0      0      0      0      0      0      0      0      0      0      0      0      0 
0 -1 -1
     0      0      0      1      2      0      0      0      1      2      0      0      0      0      0      0      0      0      0 
  6309   5036   6049   7103   5370   4961   6284   6876   7218   5924   4983   6085   7323   6096   5719   6422   7811   7263   7537 
 17236  13361     86    170   6049   4961   5036   5370   6309   7103   5924   7218   6876   7323   7811   6096   7263   5719   7537   6422   6085   4983   6284  12919  26270      0      0  65535 
     0      0      0      0      0      0      0      0      0      0      0      0      0      0      0      0      0      0      0 
     0      0      0      0      0      0      0      0      0      0      0      0      0      0      0      0      0      0      0 
     0      0      0      0      0      0      0      0      0      0      0      0      0      0      0      0      0      0      0 
0 -1 -1
     0      0      0      1      2      0      0      0      1      1      0      0      0      0      0      0      0      0      0 
  6309   5036   6051   7104   5370   4962   6285   6876   7219   5923   4984   6087   7324   6095   5720   6422   7813   7263   7537 
 17236  13361     86    170   6051   4962   5036   5370   6309   7104   5923   7219   6876   7324   7813   6095   7263   5720   7537   6422   6087   4984   6285  12907  26271      0      0  65535 
     0      0      0      0      0      0      0      0      0      0      0      0      0      0      0      0      0      0      0 
     0      0      0      0      0      0      0      0      0      0      0      0      0      0      0      0      0      0      0 
     0      0      0      0      0      0      0      0      0      0      0      0      0      0      0      0      0      0      0 
0 -1 -1
     0      0      0      1      2      1      0      0      1      2      0      0      0      0      0      0      0      0      0 
  6307   5035   6050   7102   5372   4964   6285   6876   7220   5924   4984   6085   7324   6098   5722   6422   7812   7264   7538 
 17236  13361     86    170   6050   4964   5035   5372   6307   7102   5924   7220   6876   7324   7812   6098   7264   5722   7538   6422   6085   4984   6285  12907  26272      0      0  65535 
     0      0      0      0      0      0      0      0      0      0      0      0      0      0      0      0      0      0      0 
     0      0      0      0      0      0      0      0      0      0      0      0      0      0      0      0      0      0      0 
     0      0      0      0      0      0      0      0      0      0      0      0      0      0      0      0      0      0      0 
0 -1 -1
     0      0      0      1      2      0      0      0      1      1      0      0      0      0      0      0      0      0      0 
  6310   5035   6051   7103   5370   4962   6286   6877   7219   5923   4983   6085   7325   6097   5720   6422   7812   7263   7538 
 17236  13361     86    170   6051   4962   5035   5370   6310   7103   5923   7219   6877   7325   7812   6097   7263   5720   7538   6422   6085   4983   6286  12906  26273      0      0  65535 
     0      0      0      0      0      0      0      0      0      0      0      0      0      0      0      0      0      0      0 
     0      0      0      0      0      0      0      0      0      0      0      0      0      0      0      0      0      0      0 
     0      0      0      0      0      0      0      0      0      0      0      0      0      0      0      0      0      0      0 
0 -1 -1
