    30     31     25     44    255     85     22     31     63    255     73      8     34    104    255     24      8     17     30 
  8691   6908   7771   9326  10476   7199   7978   9219   9412  14409   7078   7581   9317   8465  11787   8172   9449   8927   9890 
 17236  13361     86    172   7771   7199   6908  10476   8691   9326  14409   9412   9219   9317   9449   8465   8927  11787   9890   8172   7581   7078   7978  12631  26275      0      0  65535 
     0      0      0      0      0      0      0      0      0      0      0      0      0      0      0      0      0      0      0 
     0      0      0      0      0      0      0      0      0      0      0      0      0      0      0      0      0      0      0 
     0      0      0      0      0      0      0      0      0      0      0      0      0      0      0      0      0      0      0 
0 -1 -1
    31     31     25     46    255     87     23     31     64    255     74      9     34    107    255     25      9     17     31 
  8731   6927   7790   9357  10611   7225   7992   9240   9429  14625   7095   7585   9332   8495  11890   8188   9459   8935   9929 
 17236  13361     86    172   7790   7225   6927  10611   8731   9357  14625   9429   9240   9332   9459   8495   8935  11890   9929   8188   7585   7095   7992  12627  26273      0      0  65535 
     0      0      0      0      0      0      0      0      0      0      0      0      0      0      0      0      0      0      0 
     0      0      0      0      0      0      0      0      0      0      0      0      0      0      0      0      0      0      0 
     0      0      0      0      0      0      0      0      0      0      0      0      0      0      0      0      0      0      0 
0 -1 -1
    31     31     25     45    255     86     22     31     63    255     73      8     34    106    255     24      9     17     30 
  8713   6919   7784   9345  10572   7216   7986   9231   9420  14583   7082   7583   9322   8483  11832   8181   9452   8932   9911 
 17236  13361     86    172   7784   7216   6919  10572   8713   9345  14583   9420   9231   9322   9452   8483   8932  11832   9911   8181   7583   7082   7986  12625  26272      0      0  65535 
     0      0      0      0      0      0      0      0      0      0      0      0      0      0      0      0      0      0      0 
     0      0      0      0      0      0      0      0      0      0      0      0      0      0      0      0      0      0      0 
     0      0      0      0      0      0      0      0      0      0      0      0      0      0      0      0      0      0      0 
0 -1 -1
    30     31     25     45    255     85     22     31     63    255     72      8     34    105    255     24      8     17     30 
  8695   6910   7777   9333  10526   7206   7981   9222   9411  14526   7075   7581   9316   8473  11787   8175   9449   8926   9900 
 17236  13361     86    172   7777   7206   6910  10526   8695   9333  14526   9411   9222   9316   9449   8473   8926  11787   9900   8175   7581   7075   7981  12631  26272      0      0  65535 
     0      0      0      0      0      0      0      0      0      0      0      0      0      0      0      0      0      0      0 
     0      0      0      0      0      0      0      0      0      0      0      0      0      0      0      0      0      0      0 
     0      0      0      0      0      0      0      0      0      0      0      0      0      0      0      0      0      0      0 
0 -1 -1
    30     30     25     44    255     85     22     30     62    255     72      8     33    104    255     24      8     17     30 
  8682   6904   7775   9325  10492   7199   7980   9215   9403  14480   7068   7580   9311   8463  11750   8170   9445   8923   9889 
 17236  13361     86    172   7775   7199   6904  10492   8682   9325  14480   9403   9215   9311   9445   8463   8923  11750   9889   8170   7580   7068   7980  12636  26273      0      0  65535 
     0      0      0      0      0      0      0      0      0      0      0      0      0      0      0      0      0      0      0 
     0      0      0      0      0      0      0      0      0      0      0      0      0      0      0      0      0      0      0 
     0      0      0      0      0      0      0      0      0      0      0      0      0      0      0      0      0      0      0 
0 -1 -1
    30     30     24     44    255     84     22     30     62    255     71      8     33    103    255     24      8     17     29 
  8670   6899   7770   9317  10461   7190   7976   9207   9398  14438   7060   7578   9305   8455  11719   8166   9443   8922   9877 
 17236  13361     86    172   7770   7190   6899  10461   8670   9317  14438   9398   9207   9305   9443   8455   8922  11719   9877   8166   7578   7060   7976  12628  26273      0      0  65535 
     0      0      0      0      0      0      0      0      0      0      0      0      0      0      0      0      0      0      0 
     0      0      0      0      0      0      0      0      0      0      0      0      0      0      0      0      0      0      0 
     0      0      0      0      0      0      0      0      0      0      0      0      0      0      0      0      0      0      0 
0 -1 -1
    29     30     24     43    255     83     22     30     61    255     70      8     32    102    255     23      8     17     29 
  8649   6888   7762   9305  10411   7179   7972   9194   9387  14369   7050   7576   9296   8443  11666   8159   9436   8916   9857 
 17236  13361     86    172   7762   7179   6888  10411   8649   9305  14369   9387   9194   9296   9436   8443   8916  11666   9857   8159   7576   7050   7972  12608  26272      0      0  65535 
     0      0      0      0      0      0      0      0      0      0      0      0      0      0      0      0      0      0      0 
     0      0      0      0      0      0      0      0      0      0      0      0      0      0      0      0      0      0      0 
     0      0      0      0      0      0      0      0      0      0      0      0      0      0      0      0      0      0      0 
0 -1 -1
    29     29     24     43    255     82     21     30     60    255     69      8     32    100    255     23      8     16     28 
  8628   6878   7755   9290  10363   7169   7968   9184   9375  14300   7042   7572   9288   8429  11617   8151   9432   8910   9839 
 17236  13361     86    172   7755   7169   6878  10363   8628   9290  14300   9375   9184   9288   9432   8429   8910  11617   9839   8151   7572   7042   7968  12629  26272      0      0  65535 
     0      0      0      0      0      0      0      0      0      0      0      0      0      0      0      0      0      0      0 
     0      0      0      0      0      0      0      0      0      0      0      0      0      0      0      0      0      0      0 
     0      0      0      0      0      0      0      0      0      0      0      0      0      0      0      0      0      0      0 
0 -1 -1
    28     29     23     42    255     81     21     29     59    255     68      8     31     99    255     22      8     16     28 
  8603   6867   7748   9275  10299   7154   7960   9168   9365  14217   7030   7570   9275   8415  11562   8141   9425   8905   9818 
 17236  13361     86    172   7748   7154   6867  10299   8603   9275  14217   9365   9168   9275   9425   8415   8905  11562   9818   8141   7570   7030   7960  12626  26273      0      0  65535 
     0      0      0      0      0      0      0      0      0      0      0      0      0      0      0      0      0      0      0 
     0      0      0      0      0      0      0      0      0      0      0      0      0      0      0      0      0      0      0 
     0      0      0      0      0      0      0      0      0      0      0      0      0      0      0      0      0      0      0 
0 -1 -1
    28     29     23     42    255     80     21     29     59    255     68      8     31     99    255     22      8     16     28 
  8599   6864   7745   9272  10287   7153   7959   9166   9363  14201   7030   7570   9275   8413  11553   8139   9425   8906   9817 
 17236  13361     86    172   7745   7153   6864  10287   8599   9272  14201   9363   9166   9275   9425   8413   8906  11553   9817   8139   7570   7030   7959  12615  26274      0      0  65535 
     0      0      0      0      0      0      0      0      0      0      0      0      0      0      0      0      0      0      0 
     0      0      0      0      0      0      0      0      0      0      0      0      0      0      0      0      0      0      0 
     0      0      0      0      0      0      0      0      0      0      0      0      0      0      0      0      0      0      0 
0 -1 -1
    28     28     23     42    255     80     21     29     59    255     68      8     31     99    255     22      8     16     28 
  8598   6862   7745   9272  10280   7150   7958   9165   9362  14191   7028   7570   9272   8410  11545   8140   9425   8904   9815 
 17236  13361     86    172   7745   7150   6862  10280   8598   9272  14191   9362   9165   9272   9425   8410   8904  11545   9815   8140   7570   7028   7958  12606  26274      0      0  65535 
     0      0      0      0      0      0      0      0      0      0      0      0      0      0      0      0      0      0      0 
     0      0      0      0      0      0      0      0      0      0      0      0      0      0      0      0      0      0      0 
     0      0      0      0      0      0      0      0      0      0      0      0      0      0      0      0      0      0      0 
0 -1 -1
    28     28     23     42    255     80     21     29     59    255     68      8     31     98    255     22      8     16     27 
  8595   6863   7743   9269  10273   7147   7957   9162   9359  14175   7027   7568   9271   8409  11531   8136   9423   8904   9811 
 17236  13361     86    172   7743   7147   6863  10273   8595   9269  14175   9359   9162   9271   9423   8409   8904  11531   9811   8136   7568   7027   7957  12609  26272      0      0  65535 
     0      0      0      0      0      0      0      0      0      0      0      0      0      0      0      0      0      0      0 
     0      0      0      0      0      0      0      0      0      0      0      0      0      0      0      0      0      0      0 
     0      0      0      0      0      0      0      0      0      0      0      0      0      0      0      0      0      0      0 
0 -1 -1
    28     28     23     42    255     80     21     29     59    255     68      8     31     98    255     22      8     16     27 
  8590   6860   7741   9265  10262   7143   7953   9161   9357  14160   7023   7566   9271   8405  11522   8135   9423   8904   9805 
 17236  13361     86    172   7741   7143   6860  10262   8590   9265  14160   9357   9161   9271   9423   8405   8904  11522   9805   8135   7566   7023   7953  12593  26273      0      0  65535 
     0      0      0      0      0      0      0      0      0      0      0      0      0      0      0      0      0      0      0 
     0      0      0      0      0      0      0      0      0      0      0      0      0      0      0      0      0      0      0 
     0      0      0      0      0      0      0      0      0      0      0      0      0      0      0      0      0      0      0 
0 -1 -1
    28     28     23     42    255     80     21     29     58    255     67      8     31     98    255     22      8     16     27 
  8587   6858   7739   9264  10253   7143   7953   9158   9355  14145   7020   7566   9269   8402  11511   8134   9422   8900   9804 
 17236  13361     86    172   7739   7143   6858  10253   8587   9264  14145   9355   9158   9269   9422   8402   8900  11511   9804   8134   7566   7020   7953  12602  26273      0      0  65535 
     0      0      0      0      0      0      0      0      0      0      0      0      0      0      0      0      0      0      0 
     0      0      0      0      0      0      0      0      0      0      0      0      0      0      0      0      0      0      0 
     0      0      0      0      0      0      0      0      0      0      0      0      0      0      0      0      0      0      0 
0 -1 -1
    28     28     23     41    255     79     21     29     58    255     67      8     31     98    255     22      8     16     27 
  8586   6856   7738   9262  10244   7140   7952   9157   9354  14132   7019   7565   9267   8401  11502   8130   9421   8900   9800 
 17236  13361     86    172   7738   7140   6856  10244   8586   9262  14132   9354   9157   9267   9421   8401   8900  11502   9800   8130   7565   7019   7952  12609  26273      0      0  65535 
     0      0      0      0      0      0      0      0      0      0      0      0      0      0      0      0      0      0      0 
     0      0      0      0      0      0      0      0      0      0      0      0      0      0      0      0      0      0      0 
     0      0      0      0      0      0      0      0      0      0      0      0      0      0      0      0      0      0      0 
0 -1 -1
    27     28     23     41    255     79     21     29     58    255     67      8     31     97    255     22      8     16     27 
  8582   6854   7737   9260  10236   7140   7951   9157   9353  14123   7018   7565   9265   8399  11497   8132   9421   8899   9800 
 17236  13361     86    172   7737   7140   6854  10236   8582   9260  14123   9353   9157   9265   9421   8399   8899  11497   9800   8132   7565   7018   7951  12615  26273      0      0  65535 
     0      0      0      0      0      0      0      0      0      0      0      0      0      0      0      0      0      0      0 
     0      0      0      0      0      0      0      0      0      0      0      0      0      0      0      0      0      0      0 
     0      0      0      0      0      0      0      0      0      0      0      0      0      0      0      0      0      0      0 
0 -1 -1
    27     28     23     41    255     79     20     29     58    255     67      8     31     97    255     22      8     16     27 
  8579   6853   7734   9259  10229   7137   7947   9154   9353  14113   7015   7563   9267   8397  11489   8130   9422   8900   9797 
 17236  13361     86    172   7734   7137   6853  10229   8579   9259  14113   9353   9154   9267   9422   8397   8900  11489   9797   8130   7563   7015   7947  12625  26273      0      0  65535 
     0      0      0      0      0      0      0      0      0      0      0      0      0      0      0      0      0      0      0 
     0      0      0      0      0      0      0      0      0      0      0      0      0      0      0      0      0      0      0 
     0      0      0      0      0      0      0      0      0      0      0      0      0      0      0      0      0      0      0 
0 -1 -1
    27     28     23     41    255     79     20     29     58    255     67      8     31     97    255     22      8     16     27 
  8582   6852   7736   9258  10229   7136   7948   9152   9352  14114   7016   7562   9266   8398  11487   8128   9420   8898   9797 
 17236  13361     86    172   7736   7136   6852  10229   8582   9258  14114   9352   9152   9266   9420   8398   8898  11487   9797   8128   7562   7016   7948  12619  26274      0      0  65535 
     0      0      0      0      0      0      0      0      0      0      0      0      0      0      0      0      0      0      0 
     0      0      0      0      0      0      0      0      0      0      0      0      0      0      0      0      0      0      0 
     0      0      0      0      0      0      0      0      0      0      0      0      0      0      0      0      0      0      0 
0 -1 -1
    27     28     23     41    255     79     20     29     58    255     67      8     31     97    255     22      8     16     27 
  8579   6852   7734   9258  10224   7136   7948   9152   9349  14106   7014   7563   9265   8395  11483   8128   9418   8897   9792 
 17236  13361     86    172   7734   7136   6852  10224   8579   9258  14106   9349   9152   9265   9418   8395   8897  11483   9792   8128   7563   7014   7948  12616  26274      0      0  65535 
     0      0      0      0      0      0      0      0      0      0      0      0      0      0      0      0      0      0      0 
     0      0      0      0      0      0      0      0      0      0      0      0      0      0      0      0      0      0      0 
     0      0      0      0      0      0      0      0      0      0      0      0      0      0      0      0      0      0      0 
0 -1 -1
    27     28     23     41    255     78     20     28     58    255     66      8     31     97    255     21      8     15     27 
  8571   6848   7730   9255  10206   7130   7944   9147   9346  14079   7008   7561   9261   8392  11462   8123   9419   8896   9785 
 17236  13361     86    172   7730   7130   6848  10206   8571   9255  14079   9346   9147   9261   9419   8392   8896  11462   9785   8123   7561   7008   7944  12613  26274      0      0  65535 
     0      0      0      0      0      0      0      0      0      0      0      0      0      0      0      0      0      0      0 
     0      0      0      0      0      0      0      0      0      0      0      0      0      0      0      0      0      0      0 
     0      0      0      0      0      0      0      0      0      0      0      0      0      0      0      0      0      0      0 
0 -1 -1
    27     28     22     41    255     78     20     28     58    255     66      7     31     96    255     21      8     15     27 
  8564   6844   7727   9250  10187   7125   7937   9145   9345  14052   7005   7557   9259   8388  11448   8118   9415   8895   9775 
 17236  13361     86    172   7727   7125   6844  10187   8564   9250  14052   9345   9145   9259   9415   8388   8895  11448   9775   8118   7557   7005   7937  12623  26273      0      0  65535 
     0      0      0      0      0      0      0      0      0      0      0      0      0      0      0      0      0      0      0 
     0      0      0      0      0      0      0      0      0      0      0      0      0      0      0      0      0      0      0 
     0      0      0      0      0      0      0      0      0      0      0      0      0      0      0      0      0      0      0 
0 -1 -1
    27     28     22     41    255     78     20     28     58    255     66      7     31     96    255     21      8     15     27 
  8566   6845   7726   9251  10188   7125   7937   9146   9346  14056   7002   7553   9262   8388  11447   8116   9417   8894   9775 
 17236  13361     86    172   7726   7125   6845  10188   8566   9251  14056   9346   9146   9262   9417   8388   8894  11447   9775   8116   7553   7002   7937  12605  26273      0      0  65535 
     0      0      0      0      0      0      0      0      0      0      0      0      0      0      0      0      0      0      0 
     0      0      0      0      0      0      0      0      0      0      0      0      0      0      0      0      0      0      0 
     0      0      0      0      0      0      0      0      0      0      0      0      0      0      0      0      0      0      0 
0 -1 -1
    27     28     22     41    255     78     20     28     58    255     66      7     31     96    255     21      8     15     27 
  8566   6843   7724   9250  10184   7122   7936   9146   9345  14052   7003   7555   9262   8388  11447   8117   9418   8894   9775 
 17236  13361     86    172   7724   7122   6843  10184   8566   9250  14052   9345   9146   9262   9418   8388   8894  11447   9775   8117   7555   7003   7936  12610  26273      0      0  65535 
     0      0      0      0      0      0      0      0      0      0      0      0      0      0      0      0      0      0      0 
     0      0      0      0      0      0      0      0      0      0      0      0      0      0      0      0      0      0      0 
     0      0      0      0      0      0      0      0      0      0      0      0      0      0      0      0      0      0      0 
0 -1 -1
    27     28     22     41    255     78     20     28     58    255     66      7     31     96    255     21      8     15     26 
  8569   6844   7724   9252  10185   7123   7938   9146   9345  14051   7002   7556   9262   8387  11443   8117   9417   8895   9770 
 17236  13361     86    172   7724   7123   6844  10185   8569   9252  14051   9345   9146   9262   9417   8387   8895  11443   9770   8117   7556   7002   7938  12611  26273      0      0  65535 
     0      0      0      0      0      0      0      0      0      0      0      0      0      0      0      0      0      0      0 
     0      0      0      0      0      0      0      0      0      0      0      0      0      0      0      0      0      0      0 
     0      0      0      0      0      0      0      0      0      0      0      0      0      0      0      0      0      0      0 
0 -1 -1
    27     28     22     41    255     78     20     28     57    255     65      7     31     96    255     21      8     15     26 
  8566   6843   7725   9249  10179   7123   7936   9145   9343  14037   7001   7556   9260   8386  11434   8115   9416   8893   9767 
 17236  13361     86    172   7725   7123   6843  10179   8566   9249  14037   9343   9145   9260   9416   8386   8893  11434   9767   8115   7556   7001   7936  12608  26274      0      0  65535 
     0      0      0      0      0      0      0      0      0      0      0      0      0      0      0      0      0      0      0 
     0      0      0      0      0      0      0      0      0      0      0      0      0      0      0      0      0      0      0 
     0      0      0      0      0      0      0      0      0      0      0      0      0      0      0      0      0      0      0 
0 -1 -1
    26     27     22     40    255     77     20     28     57    255     65      7     30     95    255     20      8     15     26 
  8543   6833   7716   9237  10128   7112   7929   9131   9333  13973   6991   7549   9250   8373  11388   8107   9409   8887   9748 
 17236  13361     86    172   7716   7112   6833  10128   8543   9237  13973   9333   9131   9250   9409   8373   8887  11388   9748   8107   7549   6991   7929  12634  26272      0      0  65535 
     0      0      0      0      0      0      0      0      0      0      0      0      0      0      0      0      0      0      0 
     0      0      0      0      0      0      0      0      0      0      0      0      0      0      0      0      0      0      0 
     0      0      0      0      0      0      0      0      0      0      0      0      0      0      0      0      0      0      0 
0 -1 -1
    26     26     22     39    255     75     19     27     56    255     63      7     30     93    255     20      7     15     25 
  8511   6819   7709   9216  10060   7098   7922   9114   9320  13882   6977   7547   9238   8355  11319   8093   9401   8878   9720 
 17236  13361     86    172   7709   7098   6819  10060   8511   9216  13882   9320   9114   9238   9401   8355   8878  11319   9720   8093   7547   6977   7922  12626  26273      0      0  65535 
     0      0      0      0      0      0      0      0      0      0      0      0      0      0      0      0      0      0      0 
     0      0      0      0      0      0      0      0      0      0      0      0      0      0      0      0      0      0      0 
     0      0      0      0      0      0      0      0      0      0      0      0      0      0      0      0      0      0      0 
0 -1 -1
    21     23     19     34    255     68     16     24     49    255     53      6     26     81    255     15      6     12     20 
  8347   6746   7657   9112   9626   7011   7865   9011   9234  13259   6871   7523   9163   8238  10796   8011   9356   8836   9530 
 17236  13361     86    172   7657   7011   6746   9626   8347   9112  13259   9234   9011   9163   9356   8238   8836  10796   9530   8011   7523   6871   7865  12622  26273      0      0  65535 
     0      0      0      0      0      0      0      0      0      0      0      0      0      0      0      0      0      0      0 
     0      0      0      0      0      0      0      0      0      0      0      0      0      0      0      0      0      0      0 
     0      0      0      0      0      0      0      0      0      0      0      0      0      0      0      0      0      0      0 
0 -1 -1
    11     14     12     20    191     41     10     15     31    255     30      4     16     49    189      7      4      8      9 
  7936   6535   7502   8818   8052   6715   7738   8708   8986  11123   6626   7470   8983   7926   9243   7849   9250   8740   9118 
 17236  13361     86    172   7502   6715   6535   8052   7936   8818  11123   8986   8708   8983   9250   7926   8740   9243   9118   7849   7470   6626   7738  12615  26273      0      0  65535 
     0      0      0      0      0      0      0      0      0      0      0      0      0      0      0      0      0      0      0 
     0      0      0      0      0      0      0      0      0      0      0      0      0      0      0      0      0      0      0 
     0      0      0      0      0      0      0      0      0      0      0      0      0      0      0      0      0      0      0 
0 -1 -1
     4      6      6      8     31     15      4      6     12    104     10      2      7     18     45      2      2      3      2 
  7669   6359   7370   8562   6890   6434   7629   8405   8744   8561   6419   7414   8802   7623   7593   7749   9158   8645   8853 
 17236  13361     86    172   7370   6434   6359   6890   7669   8562   8561   8744   8405   8802   9158   7623   8645   7593   8853   7749   7414   6419   7629  12606  26275      0      0  65535 
     0      0      0      0      0      0      0      0      0      0      0      0      0      0      0      0      0      0      0 
     0      0      0      0      0      0      0      0      0      0      0      0      0      0      0      0      0      0      0 
     0      0      0      0      0      0      0      0      0      0      0      0      0      0      0      0      0      0      0 
0 -1 -1
     0      1      2      2      2      2      1      1      2      5      1      0      1      2      1      0      0      0      0 
  7541   6250   7278   8420   6679   6282   7554   8227   8605   7372   6319   7372   8689   7469   7085   7710   9094   8593   8766 
 17236  13361     86    173   7278   6282   6250   6679   7541   8420   7372   8605   8227   8689   9094   7469   8593   7085   8766   7710   7372   6319   7554  12608  26272      0      0  65535 
     0      0      0      0      0      0      0      0      0      0      0      0      0      0      0      0      0      0      0 
     0      0      0      0      0      0      0      0      0      0      0      0      0      0      0      0      0      0      0 
     0      0      0      0      0      0      0      0      0      0      0      0      0      0      0      0      0      0      0 
0 -1 -1
     0      0      0      0      0      0      0      0      0      1      0      0      0      0      0      0      0      0      0 
  7516   6228   7236   8383   6662   6257   7525   8186   8576   7321   6300   7355   8656   7439   7065   7708   9071   8584   8756 
 17236  13361     86    173   7236   6257   6228   6662   7516   8383   7321   8576   8186   8656   9071   7439   8584   7065   8756   7708   7355   6300   7525  12606  26273      0      0  65535 
     0      0      0      0      0      0      0      0      0      0      0      0      0      0      0      0      0      0      0 
     0      0      0      0      0      0      0      0      0      0      0      0      0      0      0      0      0      0      0 
     0      0      0      0      0      0      0      0      0      0      0      0      0      0      0      0      0      0      0 
0 -1 -1
     0      0      0      0      0      0      0      0      0      0      0      0      0      0      0      0      0      0      0 
  7511   6224   7231   8374   6658   6252   7528   8177   8570   7312   6300   7354   8650   7432   7063   7706   9069   8581   8756 
 17236  13361     86    172   7231   6252   6224   6658   7511   8374   7312   8570   8177   8650   9069   7432   8581   7063   8756   7706   7354   6300   7528  12606  26275      0      0  65535 
     0      0      0      0      0      0      0      0      0      0      0      0      0      0      0      0      0      0      0 
     0      0      0      0      0      0      0      0      0      0      0      0      0      0      0      0      0      0      0 
     0      0      0      0      0      0      0      0      0      0      0      0      0      0      0      0      0      0      0 
0 -1 -1
     0      0      0      0      0      0      0      0      0      0      0      0      0      0      0      0      0      0      0 
  7513   6225   7232   8375   6656   6252   7528   8179   8569   7308   6296   7353   8649   7434   7062   7707   9070   8583   8755 
 17236  13361     86    173   7232   6252   6225   6656   7513   8375   7308   8569   8179   8649   9070   7434   8583   7062   8755   7707   7353   6296   7528  12606  26273      0      0  65535 
     0      0      0      0      0      0      0      0      0      0      0      0      0      0      0      0      0      0      0 
     0      0      0      0      0      0      0      0      0      0      0      0      0      0      0      0      0      0      0 
     0      0      0      0      0      0      0      0      0      0      0      0      0      0      0      0      0      0      0 
0 -1 -1
     0      0      0      0      0      0      0      0      0      0      0      0      0      0      0      0      0      0      0 
  7512   6224   7231   8373   6656   6251   7526   8176   8568   7306   6299   7353   8648   7433   7061   7706   9069   8582   8755 
 17236  13361     86    173   7231   6251   6224   6656   7512   8373   7306   8568   8176   8648   9069   7433   8582   7061   8755   7706   7353   6299   7526  12613  26273      0      0  65535 
     0      0      0      0      0      0      0      0      0      0      0      0      0      0      0      0      0      0      0 
     0      0      0      0      0      0      0      0      0      0      0      0      0      0      0      0      0      0      0 
     0      0      0      0      0      0      0      0      0      0      0      0      0      0      0      0      0      0      0 
0 -1 -1
     0      0      0      0      0      0      0      0      0      0      0      0      0      0      0      0      0      0      0 
  7513   6224   7231   8373   6655   6250   7527   8177   8568   7304   6298   7352   8649   7432   7062   7706   9068   8582   8755 
 17236  13361     86    173   7231   6250   6224   6655   7513   8373   7304   8568   8177   8649   9068   7432   8582   7062   8755   7706   7352   6298   7527  12598  26272      0      0  65535 
     0      0      0      0      0      0      0      0      0      0      0      0      0      0      0      0      0      0      0 
     0      0      0      0      0      0      0      0      0      0      0      0      0      0      0      0      0      0      0 
     0      0      0      0      0      0      0      0      0      0      0      0      0      0      0      0      0      0      0 
0 -1 -1
     0      0      0      0      0      0      0      0      0      0      0      0      0      0      0      0      0      0      0 
  7513   6224   7232   8373   6657   6252   7527   8176   8568   7305   6298   7353   8649   7434   7060   7706   9068   8582   8755 
 17236  13361     86    173   7232   6252   6224   6657   7513   8373   7305   8568   8176   8649   9068   7434   8582   7060   8755   7706   7353   6298   7527  12613  26272      0      0  65535 
     0      0      0      0      0      0      0      0      0      0      0      0      0      0      0      0      0      0      0 
     0      0      0      0      0      0      0      0      0      0      0      0      0      0      0      0      0      0      0 
     0      0      0      0      0      0      0      0      0      0      0      0      0      0      0      0      0      0      0 
0 -1 -1
