    83    137    113    255    255    255     68    120    249    255    255     26    131    255    255    255     59     80     31 
  9510   8053   8477  13583  15998   8054   7636  10919  10527  27774   8696   6758   9905   9447  13353  14233  10394   8839   8730 
 17236  13361     86    168   8477   8054   8053  15998   9510  13583  27774  10527  10919   9905  10394   9447   8839  13353   8730  14233   6758   8696   7636  12923  26272      0      0  65535 
     0      0      0      0      0      0      0      0      0      0      0      0      0      0      0      0      0      0      0 
     0      0      0      0      0      0      0      0      0      0      0      0      0      0      0      0      0      0      0 
     0      0      0      0      0      0      0      0      0      0      0      0      0      0      0      0      0      0      0 
0 -1 -1
    93    149    125    255    255    255     75    131    255    255    255     29    144    255    255    255     64     89     35 
  9892   8316   8747  13915  16653   8272   7792  11285  10747  28684   8890   6836  10147   9701  13921  14710  10630   9021   8896 
 17236  13361     86    167   8747   8272   8316  16653   9892  13915  28684  10747  11285  10147  10630   9701   9021  13921   8896  14710   6836   8890   7792  12923  26273      0      0  65535 
     0      0      0      0      0      0      0      0      0      0      0      0      0      0      0      0      0      0      0 
     0      0      0      0      0      0      0      0      0      0      0      0      0      0      0      0      0      0      0 
     0      0      0      0      0      0      0      0      0      0      0      0      0      0      0      0      0      0      0 
0 -1 -1
    96    154    130    255    255    255     78    135    255    255    255     30    149    255    255    255     67     94     37 
 10010   8422   8852  14109  16884   8370   7849  11423  10850  29100   8996   6866  10249   9821  14120  14976  10748   9105   8956 
 17236  13361     86    167   8852   8370   8422  16884  10010  14109  29100  10850  11423  10249  10748   9821   9105  14120   8956  14976   6866   8996   7849  12923  26273      0      0  65535 
     0      0      0      0      0      0      0      0      0      0      0      0      0      0      0      0      0      0      0 
     0      0      0      0      0      0      0      0      0      0      0      0      0      0      0      0      0      0      0 
     0      0      0      0      0      0      0      0      0      0      0      0      0      0      0      0      0      0      0 
0 -1 -1
   100    159    136    255    255    255     82    140    255    255    255     32    155    255    255    255     70     98     39 
 10172   8545   8982  14326  17192   8490   7918  11602  10969  29554   9097   6905  10375   9941  14351  15254  10880   9196   9032 
 17236  13361     86    167   8982   8490   8545  17192  10172  14326  29554  10969  11602  10375  10880   9941   9196  14351   9032  15254   6905   9097   7918  12919  26273      0      0  65535 
     0      0      0      0      0      0      0      0      0      0      0      0      0      0      0      0      0      0      0 
     0      0      0      0      0      0      0      0      0      0      0      0      0      0      0      0      0      0      0 
     0      0      0      0      0      0      0      0      0      0      0      0      0      0      0      0      0      0      0 
0 -1 -1
   101    162    139    255    255    255     83    142    255    255    255     32    159    255    255    255     71    101     40 
 10224   8599   9036  14414  17295   8536   7946  11674  11017  29740   9145   6923  10434   9999  14452  15389  10942   9242   9066 
 17236  13361     86    167   9036   8536   8599  17295  10224  14414  29740  11017  11674  10434  10942   9999   9242  14452   9066  15389   6923   9145   7946  12916  26272      0      0  65535 
     0      0      0      0      0      0      0      0      0      0      0      0      0      0      0      0      0      0      0 
     0      0      0      0      0      0      0      0      0      0      0      0      0      0      0      0      0      0      0 
     0      0      0      0      0      0      0      0      0      0      0      0      0      0      0      0      0      0      0 
0 -1 -1
   104    165    142    255    255    255     85    145    255    255    255     33    163    255    255    255     73    104     41 
 10304   8676   9107  14559  17461   8609   7987  11782  11094  30020   9214   6952  10519  10085  14587  15607  11029   9302   9111 
 17236  13361     86    167   9107   8609   8676  17461  10304  14559  30020  11094  11782  10519  11029  10085   9302  14587   9111  15607   6952   9214   7987  12868  26272      0      0  65535 
     0      0      0      0      0      0      0      0      0      0      0      0      0      0      0      0      0      0      0 
     0      0      0      0      0      0      0      0      0      0      0      0      0      0      0      0      0      0      0 
     0      0      0      0      0      0      0      0      0      0      0      0      0      0      0      0      0      0      0 
0 -1 -1
   105    167    144    255    255    255     87    147    255    255    255     34    166    255    255    255     75    106     42 
 10360   8719   9145  14639  17551   8650   8022  11847  11140  30165   9263   6974  10571  10143  14671  15753  11085   9341   9147 
 17236  13361     86    166   9145   8650   8719  17551  10360  14639  30165  11140  11847  10571  11085  10143   9341  14671   9147  15753   6974   9263   8022  12902  26273      0      0  65535 
     0      0      0      0      0      0      0      0      0      0      0      0      0      0      0      0      0      0      0 
     0      0      0      0      0      0      0      0      0      0      0      0      0      0      0      0      0      0      0 
     0      0      0      0      0      0      0      0      0      0      0      0      0      0      0      0      0      0      0 
0 -1 -1
   108    172    149    255    255    255     91    152    255    255    255     36    172    255    255    255     77    110     44 
 10489   8831   9257  14866  17822   8753   8098  12009  11258  30592   9390   7014  10697  10272  14897  16080  11207   9431   9216 
 17236  13361     86    167   9257   8753   8831  17822  10489  14866  30592  11258  12009  10697  11207  10272   9431  14897   9216  16080   7014   9390   8098  12908  26273      0      0  65535 
     0      0      0      0      0      0      0      0      0      0      0      0      0      0      0      0      0      0      0 
     0      0      0      0      0      0      0      0      0      0      0      0      0      0      0      0      0      0      0 
     0      0      0      0      0      0      0      0      0      0      0      0      0      0      0      0      0      0      0 
0 -1 -1
   112    178    155    255    255    255     95    157    255    255    255     38    179    255    255    255     80    115     46 
 10620   8956   9386  15123  18104   8873   8178  12180  11387  31066   9535   7062  10836  10423  15145  16447  11344   9528   9292 
 17236  13361     86    166   9386   8873   8956  18104  10620  15123  31066  11387  12180  10836  11344  10423   9528  15145   9292  16447   7062   9535   8178  12917  26275      0      0  65535 
     0      0      0      0      0      0      0      0      0      0      0      0      0      0      0      0      0      0      0 
     0      0      0      0      0      0      0      0      0      0      0      0      0      0      0      0      0      0      0 
     0      0      0      0      0      0      0      0      0      0      0      0      0      0      0      0      0      0      0 
0 -1 -1
   116    184    161    255    255    255    100    163    255    255    255     40    187    255    255    255     84    121     48 
 10772   9089   9523  15363  18411   9001   8273  12367  11515  31545   9679   7117  10986  10570  15392  16818  11484   9634   9375 
 17236  13361     86    166   9523   9001   9089  18411  10772  15363  31545  11515  12367  10986  11484  10570   9634  15392   9375  16818   7117   9679   8273  12923  26273      0      0  65535 
     0      0      0      0      0      0      0      0      0      0      0      0      0      0      0      0      0      0      0 
     0      0      0      0      0      0      0      0      0      0      0      0      0      0      0      0      0      0      0 
     0      0      0      0      0      0      0      0      0      0      0      0      0      0      0      0      0      0      0 
0 -1 -1
   123    194    172    255    255    255    107    172    255    255    255     43    198    255    255    255     89    129     52 
 11047   9306   9750  15706  18927   9205   8425  12666  11718  32276   9874   7204  11216  10802  15826  17293  11712   9800   9525 
 17236  13361     86    166   9750   9205   9306  18927  11047  15706  32276  11718  12666  11216  11712  10802   9800  15826   9525  17293   7204   9874   8425  12884  26273      0      0  65535 
     0      0      0      0      0      0      0      0      0      0      0      0      0      0      0      0      0      0      0 
     0      0      0      0      0      0      0      0      0      0      0      0      0      0      0      0      0      0      0 
     0      0      0      0      0      0      0      0      0      0      0      0      0      0      0      0      0      0      0 
0 -1 -1
   128    201    179    255    255    255    112    178    255    255    255     45    206    255    255    255     92    135     54 
 11241   9462   9910  15918  19267   9340   8516  12863  11844  32741   9990   7254  11366  10954  16116  17555  11865   9915   9619 
 17236  13361     86    166   9910   9340   9462  19267  11241  15918  32741  11844  12863  11366  11865  10954   9915  16116   9619  17555   7254   9990   8516  12901  26273      0      0  65535 
     0      0      0      0      0      0      0      0      0      0      0      0      0      0      0      0      0      0      0 
     0      0      0      0      0      0      0      0      0      0      0      0      0      0      0      0      0      0      0 
     0      0      0      0      0      0      0      0      0      0      0      0      0      0      0      0      0      0      0 
0 -1 -1
   132    207    184    255    255    255    116    182    255    255    255     47    213    255    255    255     95    140     56 
 11387   9585  10020  16119  19525   9452   8600  13022  11955  32766  10098   7302  11496  11082  16318  17841  11989  10007   9694 
 17236  13361     86    166  10020   9452   9585  19525  11387  16119  32766  11955  13022  11496  11989  11082  10007  16318   9694  17841   7302  10098   8600  12911  26273      0      0  65535 
     0      0      0      0      0      0      0      0      0      0      0      0      0      0      0      0      0      0      0 
     0      0      0      0      0      0      0      0      0      0      0      0      0      0      0      0      0      0      0 
     0      0      0      0      0      0      0      0      0      0      0      0      0      0      0      0      0      0      0 
0 -1 -1
   134    210    188    255    255    255    118    185    255    255    255     48    217    255    255    255     97    143     58 
 11465   9653  10094  16222  19648   9517   8642  13109  12015  32766  10145   7330  11574  11145  16416  17967  12066  10063   9738 
 17236  13361     86    166  10094   9517   9653  19648  11465  16222  32766  12015  13109  11574  12066  11145  10063  16416   9738  17967   7330  10145   8642  12921  26272      0      0  65535 
     0      0      0      0      0      0      0      0      0      0      0      0      0      0      0      0      0      0      0 
     0      0      0      0      0      0      0      0      0      0      0      0      0      0      0      0      0      0      0 
     0      0      0      0      0      0      0      0      0      0      0      0      0      0      0      0      0      0      0 
0 -1 -1
   134    210    188    255    255    255    119    185    255    255    255     49    217    255    255    255     97    143     58 
 11470   9653  10100  16222  19628   9523   8659  13113  12020  32766  10157   7340  11583  11157  16417  17978  12081  10076   9746 
 17236  13361     86    165  10100   9523   9653  19628  11470  16222  32766  12020  13113  11583  12081  11157  10076  16417   9746  17978   7340  10157   8659  12922  26274      0      0  65535 
     0      0      0      0      0      0      0      0      0      0      0      0      0      0      0      0      0      0      0 
     0      0      0      0      0      0      0      0      0      0      0      0      0      0      0      0      0      0      0 
     0      0      0      0      0      0      0      0      0      0      0      0      0      0      0      0      0      0      0 
0 -1 -1
   137    214    193    255    255    255    122    189    255    255    255     50    222    255    255    255     99    147     59 
 11594   9747  10205  16338  19833   9602   8725  13237  12096  32766  10227   7380  11678  11247  16570  18175  12176  10149   9813 
 17236  13361     86    165  10205   9602   9747  19833  11594  16338  32766  12096  13237  11678  12176  11247  10149  16570   9813  18175   7380  10227   8725  12901  26272      0      0  65535 
     0      0      0      0      0      0      0      0      0      0      0      0      0      0      0      0      0      0      0 
     0      0      0      0      0      0      0      0      0      0      0      0      0      0      0      0      0      0      0 
     0      0      0      0      0      0      0      0      0      0      0      0      0      0      0      0      0      0      0 
0 -1 -1
   137    213    192    255    255    255    122    188    255    255    255     50    221    255    255    255     99    146     59 
 11582   9734  10193  16285  19773   9591   8710  13205  12073  32766  10199   7370  11653  11224  16511  18083  12156  10136   9798 
 17236  13361     86    165  10193   9591   9734  19773  11582  16285  32766  12073  13205  11653  12156  11224  10136  16511   9798  18083   7370  10199   8710  12909  26272      0      0  65535 
     0      0      0      0      0      0      0      0      0      0      0      0      0      0      0      0      0      0      0 
     0      0      0      0      0      0      0      0      0      0      0      0      0      0      0      0      0      0      0 
     0      0      0      0      0      0      0      0      0      0      0      0      0      0      0      0      0      0      0 
0 -1 -1
   137    213    192    255    255    255    122    188    255    255    255     50    221    255    255    255     99    146     59 
 11594   9733  10194  16257  19767   9592   8720  13205  12066  32766  10200   7376  11651  11221  16497  18079  12158  10137   9802 
 17236  13361     86    165  10194   9592   9733  19767  11594  16257  32766  12066  13205  11651  12158  11221  10137  16497   9802  18079   7376  10200   8720  12916  26273      0      0  65535 
     0      0      0      0      0      0      0      0      0      0      0      0      0      0      0      0      0      0      0 
     0      0      0      0      0      0      0      0      0      0      0      0      0      0      0      0      0      0      0 
     0      0      0      0      0      0      0      0      0      0      0      0      0      0      0      0      0      0      0 
0 -1 -1
   138    215    194    255    255    255    124    190    255    255    255     51    223    255    255    255    100    149     60 
 11646   9772  10235  16321  19842   9624   8762  13270  12102  32766  10251   7406  11705  11275  16592  18205  12215  10182   9841 
 17236  13361     86    165  10235   9624   9772  19842  11646  16321  32766  12102  13270  11705  12215  11275  10182  16592   9841  18205   7406  10251   8762  12921  26273      0      0  65535 
     0      0      0      0      0      0      0      0      0      0      0      0      0      0      0      0      0      0      0 
     0      0      0      0      0      0      0      0      0      0      0      0      0      0      0      0      0      0      0 
     0      0      0      0      0      0      0      0      0      0      0      0      0      0      0      0      0      0      0 
0 -1 -1
   144    224    205    255    255    255    131    198    255    255    255     55    235    255    255    255    106    158     64 
 11871   9976  10456  16712  20290   9814   8904  13560  12302  32766  10455   7497  11940  11503  16979  18748  12446  10357   9985 
 17236  13361     86    165  10456   9814   9976  20290  11871  16712  32766  12302  13560  11940  12446  11503  10357  16979   9985  18748   7497  10455   8904  12923  26273      0      0  65535 
     0      0      0      0      0      0      0      0      0      0      0      0      0      0      0      0      0      0      0 
     0      0      0      0      0      0      0      0      0      0      0      0      0      0      0      0      0      0      0 
     0      0      0      0      0      0      0      0      0      0      0      0      0      0      0      0      0      0      0 
0 -1 -1
   145    225    206    255    255    255    131    199    255    255    255     55    236    255    255    255    106    158     64 
 11887   9994  10485  16732  20298   9829   8897  13573  12314  32766  10448   7493  11943  11511  16969  18690  12456  10362   9976 
 17236  13361     86    165  10485   9829   9994  20298  11887  16732  32766  12314  13573  11943  12456  11511  10362  16969   9976  18690   7493  10448   8897  12924  26273      0      0  65535 
     0      0      0      0      0      0      0      0      0      0      0      0      0      0      0      0      0      0      0 
     0      0      0      0      0      0      0      0      0      0      0      0      0      0      0      0      0      0      0 
     0      0      0      0      0      0      0      0      0      0      0      0      0      0      0      0      0      0      0 
0 -1 -1
   143    223    204    255    255    255    130    197    255    255    255     54    233    255    255    255    105    157     63 
 11834   9951  10442  16654  20177   9788   8870  13513  12271  32766  10402   7478  11902  11473  16893  18578  12420  10336   9954 
 17236  13361     86    165  10442   9788   9951  20177  11834  16654  32766  12271  13513  11902  12420  11473  10336  16893   9954  18578   7478  10402   8870  12910  26273      0      0  65535 
     0      0      0      0      0      0      0      0      0      0      0      0      0      0      0      0      0      0      0 
     0      0      0      0      0      0      0      0      0      0      0      0      0      0      0      0      0      0      0 
     0      0      0      0      0      0      0      0      0      0      0      0      0      0      0      0      0      0      0 
0 -1 -1
   142    221    202    255    255    255    128    195    255    255    255     53    231    255    255    255    104    155     63 
 11777   9906  10397  16562  20053   9750   8843  13447  12227  32766  10355   7463  11861  11433  16816  18478  12385  10311   9934 
 17236  13361     86    165  10397   9750   9906  20053  11777  16562  32766  12227  13447  11861  12385  11433  10311  16816   9934  18478   7463  10355   8843  12904  26273      0      0  65535 
     0      0      0      0      0      0      0      0      0      0      0      0      0      0      0      0      0      0      0 
     0      0      0      0      0      0      0      0      0      0      0      0      0      0      0      0      0      0      0 
     0      0      0      0      0      0      0      0      0      0      0      0      0      0      0      0      0      0      0 
0 -1 -1
   141    220    201    255    255    255    128    194    255    255    255     53    230    255    255    255    104    155     62 
 11738   9879  10371  16532  19978   9725   8831  13409  12207  32766  10334   7454  11841  11415  16773  18433  12367  10299   9922 
 17236  13361     86    165  10371   9725   9879  19978  11738  16532  32766  12207  13409  11841  12367  11415  10299  16773   9922  18433   7454  10334   8831  12920  26273      0      0  65535 
     0      0      0      0      0      0      0      0      0      0      0      0      0      0      0      0      0      0      0 
     0      0      0      0      0      0      0      0      0      0      0      0      0      0      0      0      0      0      0 
     0      0      0      0      0      0      0      0      0      0      0      0      0      0      0      0      0      0      0 
0 -1 -1
   141    220    200    255    255    255    127    193    255    255    255     53    230    255    255    255    103    154     62 
 11731   9870  10361  16501  19940   9714   8824  13392  12190  32766  10321   7450  11826  11394  16726  18388  12351  10283   9904 
 17236  13361     86    165  10361   9714   9870  19940  11731  16501  32766  12190  13392  11826  12351  11394  10283  16726   9904  18388   7450  10321   8824  12924  26272      0      0  65535 
     0      0      0      0      0      0      0      0      0      0      0      0      0      0      0      0      0      0      0 
     0      0      0      0      0      0      0      0      0      0      0      0      0      0      0      0      0      0      0 
     0      0      0      0      0      0      0      0      0      0      0      0      0      0      0      0      0      0      0 
0 -1 -1
   140    219    200    255    255    255    127    193    255    255    255     53    229    255    255    255    103    153     62 
 11727   9864  10354  16472  19914   9709   8821  13375  12177  32766  10309   7447  11812  11381  16695  18364  12337  10272   9895 
 17236  13361     86    165  10354   9709   9864  19914  11727  16472  32766  12177  13375  11812  12337  11381  10272  16695   9895  18364   7447  10309   8821  12903  26272      0      0  65535 
     0      0      0      0      0      0      0      0      0      0      0      0      0      0      0      0      0      0      0 
     0      0      0      0      0      0      0      0      0      0      0      0      0      0      0      0      0      0      0 
     0      0      0      0      0      0      0      0      0      0      0      0      0      0      0      0      0      0      0 
0 -1 -1
   139    217    198    255    255    255    126    191    255    255    255     52    227    255    255    255    102    152     61 
 11679   9825  10319  16379  19815   9678   8795  13309  12132  32766  10267   7432  11767  11329  16604  18268  12293  10239   9867 
 17236  13361     86    165  10319   9678   9825  19815  11679  16379  32766  12132  13309  11767  12293  11329  10239  16604   9867  18268   7432  10267   8795  12912  26272      0      0  65535 
     0      0      0      0      0      0      0      0      0      0      0      0      0      0      0      0      0      0      0 
     0      0      0      0      0      0      0      0      0      0      0      0      0      0      0      0      0      0      0 
     0      0      0      0      0      0      0      0      0      0      0      0      0      0      0      0      0      0      0 
0 -1 -1
   137    214    194    255    255    255    122    187    255    255    255     50    221    255    255    255     99    147     59 
 11586   9739  10235  16180  19608   9603   8721  13165  12031  32766  10156   7385  11648  11211  16396  17953  12176  10147   9790 
 17236  13361     86    165  10235   9603   9739  19608  11586  16180  32766  12031  13165  11648  12176  11211  10147  16396   9790  17953   7385  10156   8721  12932  26272      0      0  65535 
     0      0      0      0      0      0      0      0      0      0      0      0      0      0      0      0      0      0      0 
     0      0      0      0      0      0      0      0      0      0      0      0      0      0      0      0      0      0      0 
     0      0      0      0      0      0      0      0      0      0      0      0      0      0      0      0      0      0      0 
0 -1 -1
   136    212    193    255    255    255    122    183    255    255    255     50    216    255    255    255     97    144     58 
 11552   9695  10199  16020  19496   9561   8724  13057  11951  32766  10132   7378  11555  11125  16278  17831  12079  10082   9747 
 17236  13361     86    165  10199   9561   9695  19496  11552  16020  32766  11951  13057  11555  12079  11125  10082  16278   9747  17831   7378  10132   8724  12929  26271      0      0  65535 
     0      0      0      0      0      0      0      0      0      0      0      0      0      0      0      0      0      0      0 
     0      0      0      0      0      0      0      0      0      0      0      0      0      0      0      0      0      0      0 
     0      0      0      0      0      0      0      0      0      0      0      0      0      0      0      0      0      0      0 
0 -1 -1
   136    212    193    255    255    255    121    184    255    255    255     50    216    255    255    255     98    144     58 
 11548   9698  10201  16045  19482   9558   8703  13069  11958  32766  10108   7367  11569  11134  16283  17776  12092  10088   9748 
 17236  13361     86    165  10201   9558   9698  19482  11548  16045  32766  11958  13069  11569  12092  11134  10088  16283   9748  17776   7367  10108   8703  12921  26271      0      0  65535 
     0      0      0      0      0      0      0      0      0      0      0      0      0      0      0      0      0      0      0 
     0      0      0      0      0      0      0      0      0      0      0      0      0      0      0      0      0      0      0 
     0      0      0      0      0      0      0      0      0      0      0      0      0      0      0      0      0      0      0 
0 -1 -1
   135    210    190    255    255    255    120    185    255    255    255     49    218    255    255    255     98    144     58 
 11524   9658  10145  16068  19423   9516   8678  13103  11969  32766  10074   7351  11596  11145  16278  17681  12118  10098   9748 
 17236  13361     86    165  10145   9516   9658  19423  11524  16068  32766  11969  13103  11596  12118  11145  10098  16278   9748  17681   7351  10074   8678  12923  26272      0      0  65535 
     0      0      0      0      0      0      0      0      0      0      0      0      0      0      0      0      0      0      0 
     0      0      0      0      0      0      0      0      0      0      0      0      0      0      0      0      0      0      0 
     0      0      0      0      0      0      0      0      0      0      0      0      0      0      0      0      0      0      0 
0 -1 -1
   135    209    189    255    255    255    119    184    255    255    255     49    218    255    255    255     98    144     58 
 11505   9645  10128  16063  19376   9501   8663  13090  11959  32766  10053   7343  11591  11137  16264  17632  12113  10094   9744 
 17236  13361     86    165  10128   9501   9645  19376  11505  16063  32766  11959  13090  11591  12113  11137  10094  16264   9744  17632   7343  10053   8663  12927  26275      0      0  65535 
     0      0      0      0      0      0      0      0      0      0      0      0      0      0      0      0      0      0      0 
     0      0      0      0      0      0      0      0      0      0      0      0      0      0      0      0      0      0      0 
     0      0      0      0      0      0      0      0      0      0      0      0      0      0      0      0      0      0      0 
0 -1 -1
   133    208    188    255    255    255    118    183    255    255    255     49    217    255    255    255     98    144     58 
 11454   9613  10097  16022  19298   9472   8648  13055  11939  32766  10027   7337  11571  11119  16237  17593  12099  10085   9739 
 17236  13361     86    165  10097   9472   9613  19298  11454  16022  32766  11939  13055  11571  12099  11119  10085  16237   9739  17593   7337  10027   8648  12926  26275      0      0  65535 
     0      0      0      0      0      0      0      0      0      0      0      0      0      0      0      0      0      0      0 
     0      0      0      0      0      0      0      0      0      0      0      0      0      0      0      0      0      0      0 
     0      0      0      0      0      0      0      0      0      0      0      0      0      0      0      0      0      0      0 
0 -1 -1
