     0      0      0      0      0      0      0      0      0      0      0      0      0      0      0      0      0      0      0 
  7445   6155   7161   8301   6576   6171   7451   8096   8484   7207   6216   7274   8565   7345   6972   7625   8989   8495   8672 
 17236  13361     86    174   7161   6171   6155   6576   7445   8301   7207   8484   8096   8565   8989   7345   8495   6972   8672   7625   7274   6216   7451  12513  26276      0      0  65535 
     0      0      0      0      0      0      0      0      0      0      0      0      0      0      0      0      0      0      0 
     0      0      0      0      0      0      0      0      0      0      0      0      0      0      0      0      0      0      0 
     0      0      0      0      0      0      0      0      0      0      0      0      0      0      0      0      0      0      0 
0 -1 -1
     0      0      0      0      0      0      0      0      0      0      0      0      0      0      0      0      0      0      0 
  7442   6153   7160   8299   6575   6168   7451   8096   8485   7206   6215   7274   8565   7344   6972   7623   8989   8497   8672 
 17236  13361     86    174   7160   6168   6153   6575   7442   8299   7206   8485   8096   8565   8989   7344   8497   6972   8672   7623   7274   6215   7451  12523  26277      0      0  65535 
     0      0      0      0      0      0      0      0      0      0      0      0      0      0      0      0      0      0      0 
     0      0      0      0      0      0      0      0      0      0      0      0      0      0      0      0      0      0      0 
     0      0      0      0      0      0      0      0      0      0      0      0      0      0      0      0      0      0      0 
0 -1 -1
     7     11      9      9     29     27     31     13     31     71     65     27     21     83     59     17     10     27     10 
  7715   6397   7346   8488   6786   6466   8079   8522   8892   8062   6896   7967   8971   8161   7650   7944   9420   9022   9055 
 17236  13361     86    173   7346   6466   6397   6786   7715   8488   8062   8892   8522   8971   9420   8161   9022   7650   9055   7944   7967   6896   8079  12523  26277      0      0  65535 
     0      0      0      0      0      0      0      0      0      0      0      0      0      0      0      0      0      0      0 
     0      0      0      0      0      0      0      0      0      0      0      0      0      0      0      0      0      0      0 
     0      0      0      0      0      0      0      0      0      0      0      0      0      0      0      0      0      0      0 
0 -1 -1
    12     29     35     14     76     96     30     13     41    130     66     29     23     86     55     16     11     26     10 
  7918   6781   7911   8593   7129   7235   8056   8532   9025   8767   6912   8010   9009   8186   7601   7927   9480   9004   9070 
 17236  13361     86    172   7911   7235   6781   7129   7918   8593   8767   9025   8532   9009   9480   8186   9004   7601   9070   7927   8010   6912   8056  12515  26275      0      0  65535 
     0      0      0      0      0      0      0      0      0      0      0      0      0      0      0      0      0      0      0 
     0      0      0      0      0      0      0      0      0      0      0      0      0      0      0      0      0      0      0 
     0      0      0      0      0      0      0      0      0      0      0      0      0      0      0      0      0      0      0 
0 -1 -1
     7     18     22      9     48     65     30      9     28     91     65     28     17     66     48     15      9     23     10 
  7730   6554   7635   8493   6924   6889   8046   8385   8852   8292   6901   8000   8891   7996   7526   7909   9388   8942   9046 
 17236  13361     86    173   7635   6889   6554   6924   7730   8493   8292   8852   8385   8891   9388   7996   8942   7526   9046   7909   8000   6901   8046  12514  26275      0      0  65535 
     0      0      0      0      0      0      0      0      0      0      0      0      0      0      0      0      0      0      0 
     0      0      0      0      0      0      0      0      0      0      0      0      0      0      0      0      0      0      0 
     0      0      0      0      0      0      0      0      0      0      0      0      0      0      0      0      0      0      0 
0 -1 -1
    20     42     49     24    134    145     67     24     74    255    148     59     46    170    124     35     22     59     23 
  8217   7084   8216   8806   7549   7772   8789   8913   9461  10449   7777   8774   9474   9007   8392   8286   9936   9653   9556 
 17236  13361     86    171   8216   7772   7084   7549   8217   8806  10449   9461   8913   9474   9936   9007   9653   8392   9556   8286   8774   7777   8789  12510  26275      0      0  65535 
     0      0      0      0      0      0      0      0      0      0      0      0      0      0      0      0      0      0      0 
     0      0      0      0      0      0      0      0      0      0      0      0      0      0      0      0      0      0      0 
     0      0      0      0      0      0      0      0      0      0      0      0      0      0      0      0      0      0      0 
0 -1 -1
    36     72     86     43    251    243    100     42    128    255    226     88     78    255    201     58     35     97     37 
  8849   7742   9017   9215   8394   8856   9450   9526  10187  13204   8592   9519  10099  10047   9274   8718  10518  10392  10085 
 17236  13361     86    170   9017   8856   7742   8394   8849   9215  13204  10187   9526  10099  10518  10047  10392   9274  10085   8718   9519   8592   9450  12519  26273      0      0  65535 
     0      0      0      0      0      0      0      0      0      0      0      0      0      0      0      0      0      0      0 
     0      0      0      0      0      0      0      0      0      0      0      0      0      0      0      0      0      0      0 
     0      0      0      0      0      0      0      0      0      0      0      0      0      0      0      0      0      0      0 
0 -1 -1
    43     83    100     52    255    255    114     50    151    255    255    100     91    255    233     69     40    113     43 
  9099   7981   9315   9400   8746   9260   9717   9779  10483  14360   8930   9820  10347  10470   9648   8926  10741  10714  10306 
 17236  13361     86    170   9315   9260   7981   8746   9099   9400  14360  10483   9779  10347  10741  10470  10714   9648  10306   8926   9820   8930   9717  12512  26271      0      0  65535 
     0      0      0      0      0      0      0      0      0      0      0      0      0      0      0      0      0      0      0 
     0      0      0      0      0      0      0      0      0      0      0      0      0      0      0      0      0      0      0 
     0      0      0      0      0      0      0      0      0      0      0      0      0      0      0      0      0      0      0 
0 -1 -1
    55    101    121     67    255    255    130     62    184    255    255    115    113    255    255     84     48    137     52 
  9555   8374   9774   9716   9264   9833  10037  10190  10928  15898   9339  10208  10774  11055  10121   9212  11097  11180  10638 
 17236  13361     86    169   9774   9833   8374   9264   9555   9716  15898  10928  10190  10774  11097  11055  11180  10121  10638   9212  10208   9339  10037  12490  26271      0      0  65535 
     0      0      0      0      0      0      0      0      0      0      0      0      0      0      0      0      0      0      0 
     0      0      0      0      0      0      0      0      0      0      0      0      0      0      0      0      0      0      0 
     0      0      0      0      0      0      0      0      0      0      0      0      0      0      0      0      0      0      0 
0 -1 -1
    60    108    129     74    255    255    135     68    198    255    255    120    124    255    255     90     52    147     55 
  9747   8526   9933   9874   9471  10048  10148  10383  11116  16534   9480  10340  10994  11291  10300   9333  11255  11368  10779 
 17236  13361     86    169   9933  10048   8526   9471   9747   9874  16534  11116  10383  10994  11255  11291  11368  10300  10779   9333  10340   9480  10148  12516  26274      0      0  65535 
     0      0      0      0      0      0      0      0      0      0      0      0      0      0      0      0      0      0      0 
     0      0      0      0      0      0      0      0      0      0      0      0      0      0      0      0      0      0      0 
     0      0      0      0      0      0      0      0      0      0      0      0      0      0      0      0      0      0      0 
0 -1 -1
    66    117    137     83    255    255    140     75    213    255    255    123    135    255    255     94     55    154     58 
  9996   8721  10109  10057   9697  10262  10244  10623  11311  17115   9573  10428  11211  11484  10432   9412  11413  11511  10878 
 17236  13361     86    169  10109  10262   8721   9697   9996  10057  17115  11311  10623  11211  11413  11484  11511  10432  10878   9412  10428   9573  10244  12521  26276      0      0  65535 
     0      0      0      0      0      0      0      0      0      0      0      0      0      0      0      0      0      0      0 
     0      0      0      0      0      0      0      0      0      0      0      0      0      0      0      0      0      0      0 
     0      0      0      0      0      0      0      0      0      0      0      0      0      0      0      0      0      0      0 
0 -1 -1
    69    120    139     87    255    255    142     78    218    255    255    124    139    255    255     95     57    155     58 
 10119   8802  10160  10136   9780  10323  10272  10733  11382  17298   9579  10439  11291  11544  10448   9421  11467  11539  10888 
 17236  13361     86    169  10160  10323   8802   9780  10119  10136  17298  11382  10733  11291  11467  11544  11539  10448  10888   9421  10439   9579  10272  12518  26276      0      0  65535 
     0      0      0      0      0      0      0      0      0      0      0      0      0      0      0      0      0      0      0 
     0      0      0      0      0      0      0      0      0      0      0      0      0      0      0      0      0      0      0 
     0      0      0      0      0      0      0      0      0      0      0      0      0      0      0      0      0      0      0 
0 -1 -1
    71    122    141     88    255    255    142     79    220    255    255    124    140    255    255     94     57    155     58 
 10173   8846  10185  10164   9803  10340  10281  10765  11399  17320   9570  10432  11307  11543  10433   9412  11474  11529  10881 
 17236  13361     86    169  10185  10340   8846   9803  10173  10164  17320  11399  10765  11307  11474  11543  11529  10433  10881   9412  10432   9570  10281  12506  26274      0      0  65535 
     0      0      0      0      0      0      0      0      0      0      0      0      0      0      0      0      0      0      0 
     0      0      0      0      0      0      0      0      0      0      0      0      0      0      0      0      0      0      0 
     0      0      0      0      0      0      0      0      0      0      0      0      0      0      0      0      0      0      0 
0 -1 -1
    70    122    140     87    255    255    142     79    218    255    255    124    139    255    255     94     56    155     58 
 10151   8842  10178  10149   9789  10328  10284  10744  11383  17295   9569  10432  11288  11526  10426   9408  11460  11520  10881 
 17236  13361     86    168  10178  10328   8842   9789  10151  10149  17295  11383  10744  11288  11460  11526  11520  10426  10881   9408  10432   9569  10284  12519  26273      0      0  65535 
     0      0      0      0      0      0      0      0      0      0      0      0      0      0      0      0      0      0      0 
     0      0      0      0      0      0      0      0      0      0      0      0      0      0      0      0      0      0      0 
     0      0      0      0      0      0      0      0      0      0      0      0      0      0      0      0      0      0      0 
0 -1 -1
    69    121    138     86    255    255    136     77    213    255    255    119    136    255    255     89     55    149     56 
 10123   8815  10139  10117   9726  10257  10163  10697  11312  17038   9422  10304  11220  11403  10282   9311  11393  11407  10790 
 17236  13361     86    169  10139  10257   8815   9726  10123  10117  17038  11312  10697  11220  11393  11403  11407  10282  10790   9311  10304   9422  10163  12518  26273      0      0  65535 
     0      0      0      0      0      0      0      0      0      0      0      0      0      0      0      0      0      0      0 
     0      0      0      0      0      0      0      0      0      0      0      0      0      0      0      0      0      0      0 
     0      0      0      0      0      0      0      0      0      0      0      0      0      0      0      0      0      0      0 
0 -1 -1
    38     74     87     45    251    244     70     42    124    255    161     65     74    239    153     42     31     80     29 
  8920   7789   9042   9264   8398   8862   8840   9513  10125  13110   7911   8945  10020   9683   8732   8414  10362  10053   9770 
 17236  13361     86    170   9042   8862   7789   8398   8920   9264  13110  10125   9513  10020  10362   9683  10053   8732   9770   8414   8945   7911   8840  12532  26274      0      0  65535 
     0      0      0      0      0      0      0      0      0      0      0      0      0      0      0      0      0      0      0 
     0      0      0      0      0      0      0      0      0      0      0      0      0      0      0      0      0      0      0 
     0      0      0      0      0      0      0      0      0      0      0      0      0      0      0      0      0      0      0 
0 -1 -1
     6     14     16      8     38     48     11      7     21     75     26     13     14     39     23      8      7     13      6 
  7691   6455   7515   8473   6852   6698   7673   8348   8764   8102   6494   7616   8846   7730   7233   7771   9285   8751   8898 
 17236  13361     86    173   7515   6698   6455   6852   7691   8473   8102   8764   8348   8846   9285   7730   8751   7233   8898   7771   7616   6494   7673  12541  26274      0      0  65535 
     0      0      0      0      0      0      0      0      0      0      0      0      0      0      0      0      0      0      0 
     0      0      0      0      0      0      0      0      0      0      0      0      0      0      0      0      0      0      0 
     0      0      0      0      0      0      0      0      0      0      0      0      0      0      0      0      0      0      0 
0 -1 -1
     1      1      1      1      1      2      1      1      1      2      2      1      1      2      2      1      1      1      1 
  7465   6172   7192   8313   6586   6191   7470   8117   8494   7236   6236   7312   8578   7362   6991   7638   9018   8518   8696 
 17236  13361     86    174   7192   6191   6172   6586   7465   8313   7236   8494   8117   8578   9018   7362   8518   6991   8696   7638   7312   6236   7470  12526  26277      0      0  65535 
     0      0      0      0      0      0      0      0      0      0      0      0      0      0      0      0      0      0      0 
     0      0      0      0      0      0      0      0      0      0      0      0      0      0      0      0      0      0      0 
     0      0      0      0      0      0      0      0      0      0      0      0      0      0      0      0      0      0      0 
0 -1 -1
     0      0      0      0      0      0      0      0      0      1      0      0      0      0      0      0      0      0      0 
  7445   6156   7164   8300   6578   6173   7453   8097   8488   7219   6218   7278   8568   7347   6978   7626   8991   8500   8677 
 17236  13361     86    174   7164   6173   6156   6578   7445   8300   7219   8488   8097   8568   8991   7347   8500   6978   8677   7626   7278   6218   7453  12519  26276      0      0  65535 
     0      0      0      0      0      0      0      0      0      0      0      0      0      0      0      0      0      0      0 
     0      0      0      0      0      0      0      0      0      0      0      0      0      0      0      0      0      0      0 
     0      0      0      0      0      0      0      0      0      0      0      0      0      0      0      0      0      0      0 
0 -1 -1
     0      0      0      0      0      0      0      0      0      1      0      0      0      0      0      0      0      0      0 
  7443   6153   7162   8300   6577   6171   7452   8097   8487   7216   6216   7276   8566   7347   6977   7627   8992   8499   8677 
 17236  13361     86    174   7162   6171   6153   6577   7443   8300   7216   8487   8097   8566   8992   7347   8499   6977   8677   7627   7276   6216   7452  12526  26276      0      0  65535 
     0      0      0      0      0      0      0      0      0      0      0      0      0      0      0      0      0      0      0 
     0      0      0      0      0      0      0      0      0      0      0      0      0      0      0      0      0      0      0 
     0      0      0      0      0      0      0      0      0      0      0      0      0      0      0      0      0      0      0 
0 -1 -1
     0      0      0      0      0      0      0      0      0      0      0      0      0      0      0      0      0      0      0 
  7443   6156   7163   8300   6576   6171   7452   8094   8485   7212   6216   7275   8566   7347   6974   7627   8990   8498   8676 
 17236  13361     86    174   7163   6171   6156   6576   7443   8300   7212   8485   8094   8566   8990   7347   8498   6974   8676   7627   7275   6216   7452  12526  26276      0      0  65535 
     0      0      0      0      0      0      0      0      0      0      0      0      0      0      0      0      0      0      0 
     0      0      0      0      0      0      0      0      0      0      0      0      0      0      0      0      0      0      0 
     0      0      0      0      0      0      0      0      0      0      0      0      0      0      0      0      0      0      0 
0 -1 -1
     5     15      9     16     36     46     34     11     43     79     78     16     21     80     42     16     12     22     10 
  7633   6488   7347   8642   6840   6673   8133   8477   9052   8155   7038   7687   8973   8128   7454   7926   9508   8930   9066 
 17236  13361     86    173   7347   6673   6488   6840   7633   8642   8155   9052   8477   8973   9508   8128   8930   7454   9066   7926   7687   7038   8133  12523  26276      0      0  65535 
     0      0      0      0      0      0      0      0      0      0      0      0      0      0      0      0      0      0      0 
     0      0      0      0      0      0      0      0      0      0      0      0      0      0      0      0      0      0      0 
     0      0      0      0      0      0      0      0      0      0      0      0      0      0      0      0      0      0      0 
0 -1 -1
    14     50     31     45    121    160     93     30    121    250    220     43     55    221    109     43     30     60     27 
  7980   7258   7828   9261   7452   7942   9308   9122  10084  10204   8527   8361   9641   9514   8228   8450  10321   9671   9710 
 17236  13361     86    171   7828   7942   7258   7452   7980   9261  10204  10084   9122   9641  10321   9514   9671   8228   9710   8450   8361   8527   9308  12525  26276      0      0  65535 
     0      0      0      0      0      0      0      0      0      0      0      0      0      0      0      0      0      0      0 
     0      0      0      0      0      0      0      0      0      0      0      0      0      0      0      0      0      0      0 
     0      0      0      0      0      0      0      0      0      0      0      0      0      0      0      0      0      0      0 
0 -1 -1
    17     61     39     54    150    196    106     37    144    255    255     53     70    255    138     57     38     78     36 
  8083   7488   7999   9447   7667   8340   9566   9346  10394  11228   8932   8621   9935   9985   8560   8701  10671  10020  10041 
 17236  13361     86    170   7999   8340   7488   7667   8083   9447  11228  10394   9346   9935  10671   9985  10020   8560  10041   8701   8621   8932   9566  12521  26274      0      0  65535 
     0      0      0      0      0      0      0      0      0      0      0      0      0      0      0      0      0      0      0 
     0      0      0      0      0      0      0      0      0      0      0      0      0      0      0      0      0      0      0 
     0      0      0      0      0      0      0      0      0      0      0      0      0      0      0      0      0      0      0 
0 -1 -1
    25     83     55     78    211    253    141     52    192    255    255     70     98    255    185     76     50    100     45 
  8421   7986   8353   9957   8109   8964  10254   9839  11036  12836   9762   9068  10476  10755   9093   9059  11168  10448  10401 
 17236  13361     86    169   8353   8964   7986   8109   8421   9957  12836  11036   9839  10476  11168  10755  10448   9093  10401   9059   9068   9762  10254  12513  26273      0      0  65535 
     0      0      0      0      0      0      0      0      0      0      0      0      0      0      0      0      0      0      0 
     0      0      0      0      0      0      0      0      0      0      0      0      0      0      0      0      0      0      0 
     0      0      0      0      0      0      0      0      0      0      0      0      0      0      0      0      0      0      0 
0 -1 -1
    36    116     79    106    255    255    173     68    247    255    255     86    127    255    236     94     62    126     56 
  8840   8705   8867  10555   8722   9863  10894  10371  11767  15020  10564   9459  11048  11589   9679   9406  11715  10966  10799 
 17236  13361     86    168   8867   9863   8705   8722   8840  10555  15020  11767  10371  11048  11715  11589  10966   9679  10799   9406   9459  10564  10894  12504  26275      0      0  65535 
     0      0      0      0      0      0      0      0      0      0      0      0      0      0      0      0      0      0      0 
     0      0      0      0      0      0      0      0      0      0      0      0      0      0      0      0      0      0      0 
     0      0      0      0      0      0      0      0      0      0      0      0      0      0      0      0      0      0      0 
0 -1 -1
    35    113     76    102    255    255    172     66    245    255    255     86    126    255    241     95     62    129     57 
  8782   8631   8800  10467   8712   9902  10879  10303  11732  15188  10597   9463  11037  11622   9740   9434  11717  11023  10850 
 17236  13361     86    168   8800   9902   8631   8712   8782  10467  15188  11732  10303  11037  11717  11622  11023   9740  10850   9434   9463  10597  10879  12495  26275      0      0  65535 
     0      0      0      0      0      0      0      0      0      0      0      0      0      0      0      0      0      0      0 
     0      0      0      0      0      0      0      0      0      0      0      0      0      0      0      0      0      0      0 
     0      0      0      0      0      0      0      0      0      0      0      0      0      0      0      0      0      0      0 
0 -1 -1
    40    126     87    114    255    255    193     73    255    255    255     97    141    255    255    109     70    147     66 
  8971   8914   9028  10711   8987  10294  11294  10567  12058  16257  11111   9757  11332  12076  10138   9694  12062  11381  11179 
 17236  13361     86    167   9028  10294   8914   8987   8971  10711  16257  12058  10567  11332  12062  12076  11381  10138  11179   9694   9757  11111  11294  12514  26275      0      1  65535 
     0      0      0      0      0      0      0      0      0      0      0      0      0      0      0      0      0      0      0 
     0      0      0      0      0      0      0      0      0      0      0      0      0      0      0      0      0      0      0 
     0      0      0      0      0      0      0      0      0      0      0      0      0      0      0      0      0      0      0 
0 -1 -1
    44    137     97    124    255    255    208     80    255    255    255    106    154    255    255    119     77    162     73 
  9150   9171   9243  10925   9220  10651  11591  10780  12320  17151  11467   9978  11575  12432  10430   9891  12344  11664  11435 
 17236  13361     86    166   9243  10651   9171   9220   9150  10925  17151  12320  10780  11575  12344  12432  11664  10430  11435   9891   9978  11467  11591  12494  26274      0      0  65535 
     0      0      0      0      0      0      0      0      0      0      0      0      0      0      0      0      0      0      0 
     0      0      0      0      0      0      0      0      0      0      0      0      0      0      0      0      0      0      0 
     0      0      0      0      0      0      0      0      0      0      0      0      0      0      0      0      0      0      0 
0 -1 -1
    48    147    106    133    255    255    223     86    255    255    255    115    166    255    255    132     83    177     80 
  9307   9390   9437  11121   9425  10962  11890  10975  12560  17987  11834  10221  11817  12775  10748  10122  12646  11962  11729 
 17236  13361     86    166   9437  10962   9390   9425   9307  11121  17987  12560  10975  11817  12646  12775  11962  10748  11729  10122  10221  11834  11890  12502  26274      0      0  65535 
     0      0      0      0      0      0      0      0      0      0      0      0      0      0      0      0      0      0      0 
     0      0      0      0      0      0      0      0      0      0      0      0      0      0      0      0      0      0      0 
     0      0      0      0      0      0      0      0      0      0      0      0      0      0      0      0      0      0      0 
0 -1 -1
    51    154    112    140    255    255    235     90    255    255    255    124    177    255    255    144     90    192     88 
  9410   9538   9579  11263   9584  11201  12133  11129  12763  18701  12152  10439  12040  13090  11034  10351  12930  12249  12013 
 17236  13361     86    165   9579  11201   9538   9584   9410  11263  18701  12763  11129  12040  12930  13090  12249  11034  12013  10351  10439  12152  12133  12521  26275      0      0  65535 
     0      0      0      0      0      0      0      0      0      0      0      0      0      0      0      0      0      0      0 
     0      0      0      0      0      0      0      0      0      0      0      0      0      0      0      0      0      0      0 
     0      0      0      0      0      0      0      0      0      0      0      0      0      0      0      0      0      0      0 
0 -1 -1
    52    156    115    143    255    255    240     93    255    255    255    128    184    255    255    151     94    202     93 
  9442   9593   9641  11325   9659  11327  12237  11217  12867  19134  12308  10553  12176  13278  11199  10497  13121  12444  12209 
 17236  13361     86    165   9641  11327   9593   9659   9442  11325  19134  12867  11217  12176  13121  13278  12444  11199  12209  10497  10553  12308  12237  12492  26275      0      0  65535 
     0      0      0      0      0      0      0      0      0      0      0      0      0      0      0      0      0      0      0 
     0      0      0      0      0      0      0      0      0      0      0      0      0      0      0      0      0      0      0 
     0      0      0      0      0      0      0      0      0      0      0      0      0      0      0      0      0      0      0 
0 -1 -1
    51    155    114    142    255    255    240     93    255    255    255    129    185    255    255    153     95    204     94 
  9422   9569   9621  11304   9635  11327  12226  11216  12867  19188  12302  10563  12188  13288  11207  10527  13153  12479  12245 
 17236  13361     86    165   9621  11327   9569   9635   9422  11304  19188  12867  11216  12188  13153  13288  12479  11207  12245  10527  10563  12302  12226  12507  26273      0      0  65535 
     0      0      0      0      0      0      0      0      0      0      0      0      0      0      0      0      0      0      0 
     0      0      0      0      0      0      0      0      0      0      0      0      0      0      0      0      0      0      0 
     0      0      0      0      0      0      0      0      0      0      0      0      0      0      0      0      0      0      0 
0 -1 -1
    51    155    114    141    255    255    240     93    255    255    255    129    185    255    255    153     95    204     94 
  9425   9565   9614  11295   9633  11328  12228  11218  12867  19221  12303  10563  12196  13281  11212  10537  13157  12489  12256 
 17236  13361     86    165   9614  11328   9565   9633   9425  11295  19221  12867  11218  12196  13157  13281  12489  11212  12256  10537  10563  12303  12228  12507  26271      0      0  65535 
     0      0      0      0      0      0      0      0      0      0      0      0      0      0      0      0      0      0      0 
     0      0      0      0      0      0      0      0      0      0      0      0      0      0      0      0      0      0      0 
     0      0      0      0      0      0      0      0      0      0      0      0      0      0      0      0      0      0      0 
0 -1 -1
    50    152    112    138    255    255    231     90    255    255    255    124    181    255    255    148     93    198     91 
  9373   9500   9564  11225   9565  11249  12050  11136  12775  18948  12094  10444  12110  13129  11067  10439  13051  12373  12138 
 17236  13361     86    165   9564  11249   9500   9565   9373  11225  18948  12775  11136  12110  13051  13129  12373  11067  12138  10439  10444  12094  12050  12510  26271      0      0  65535 
     0      0      0      0      0      0      0      0      0      0      0      0      0      0      0      0      0      0      0 
     0      0      0      0      0      0      0      0      0      0      0      0      0      0      0      0      0      0      0 
     0      0      0      0      0      0      0      0      0      0      0      0      0      0      0      0      0      0      0 
0 -1 -1
    29    101     71     91    255    255    142     59    226    255    255     76    122    255    218     91     63    128     57 
  8574   8380   8681  10234   8524   9829  10284  10081  11483  14960  10009   9209  10957  11328   9469   9346  11732  10992  10830 
 17236  13361     86    168   8681   9829   8380   8524   8574  10234  14960  11483  10081  10957  11732  11328  10992   9469  10830   9346   9209  10009  10284  12517  26274      0      0  65535 
     0      0      0      0      0      0      0      0      0      0      0      0      0      0      0      0      0      0      0 
     0      0      0      0      0      0      0      0      0      0      0      0      0      0      0      0      0      0      0 
     0      0      0      0      0      0      0      0      0      0      0      0      0      0      0      0      0      0      0 
0 -1 -1
     6     22     15     22     59     88     30     15     57    131     83     19     30    101     44     20     17     28     13 
  7671   6644   7491   8769   7005   7140   8050   8603   9243   8771   7089   7768   9149   8334   7476   8014   9713   9042   9158 
 17236  13361     86    172   7491   7140   6644   7005   7671   8769   8771   9243   8603   9149   9713   8334   9042   7476   9158   8014   7768   7089   8050  12522  26275      0      0  65535 
     0      0      0      0      0      0      0      0      0      0      0      0      0      0      0      0      0      0      0 
     0      0      0      0      0      0      0      0      0      0      0      0      0      0      0      0      0      0      0 
     0      0      0      0      0      0      0      0      0      0      0      0      0      0      0      0      0      0      0 
0 -1 -1
     1      3      3      3      5      6      3      3      4      5      7      4      4      7      6      4      2      3      3 
  7494   6216   7222   8374   6616   6232   7511   8184   8542   7266   6288   7364   8639   7417   7044   7697   9097   8555   8778 
 17236  13361     86    174   7222   6232   6216   6616   7494   8374   7266   8542   8184   8639   9097   7417   8555   7044   8778   7697   7364   6288   7511  12515  26276      0      0  65535 
     0      0      0      0      0      0      0      0      0      0      0      0      0      0      0      0      0      0      0 
     0      0      0      0      0      0      0      0      0      0      0      0      0      0      0      0      0      0      0 
     0      0      0      0      0      0      0      0      0      0      0      0      0      0      0      0      0      0      0 
0 -1 -1
     1      2      3      2      2      2      2      3      2      2      3      3      2      5      5      3      2      3      3 
  7483   6207   7215   8351   6595   6192   7493   8200   8518   7231   6252   7357   8614   7394   7030   7691   9093   8546   8775 
 17236  13361     86    174   7215   6192   6207   6595   7483   8351   7231   8518   8200   8614   9093   7394   8546   7030   8775   7691   7357   6252   7493  12511  26275      0      0  65535 
     0      0      0      0      0      0      0      0      0      0      0      0      0      0      0      0      0      0      0 
     0      0      0      0      0      0      0      0      0      0      0      0      0      0      0      0      0      0      0 
     0      0      0      0      0      0      0      0      0      0      0      0      0      0      0      0      0      0      0 
0 -1 -1
     3      7      6      6      9      8      6      6     12      6     22     10      7     20     17     11      5      7      6 
  7555   6309   7280   8420   6644   6257   7571   8311   8646   7278   6444   7533   8701   7545   7169   7829   9222   8636   8913 
 17236  13361     86    173   7280   6257   6309   6644   7555   8420   7278   8646   8311   8701   9222   7545   8636   7169   8913   7829   7533   6444   7571  12517  26275      0      0  65535 
     0      0      0      0      0      0      0      0      0      0      0      0      0      0      0      0      0      0      0 
     0      0      0      0      0      0      0      0      0      0      0      0      0      0      0      0      0      0      0 
     0      0      0      0      0      0      0      0      0      0      0      0      0      0      0      0      0      0      0 
0 -1 -1
    12     21     17     25     60     52     34     22     90     92    137     36     39    129    125     60     21     33     27 
  7896   6621   7523   8820   7014   6745   8124   8834   9680   8310   7653   8181   9337   8606   8404   8763   9912   9140   9690 
 17236  13361     86    173   7523   6745   6621   7014   7896   8820   8310   9680   8834   9337   9912   8606   9140   8404   9690   8763   8181   7653   8124  12538  26276      0      0  65535 
     0      0      0      0      0      0      0      0      0      0      0      0      0      0      0      0      0      0      0 
     0      0      0      0      0      0      0      0      0      0      0      0      0      0      0      0      0      0      0 
     0      0      0      0      0      0      0      0      0      0      0      0      0      0      0      0      0      0      0 
0 -1 -1
    22     39     31     50    139    121     64     39    183    255    255     63     83    255    246    109     40     68     46 
  8286   7003   7830   9355   7585   7502   8727   9402  10909  11022   8926   8875  10198   9914   9790   9688  10720   9820  10441 
 17236  13361     86    171   7830   7502   7003   7585   8286   9355  11022  10909   9402  10198  10720   9914   9820   9790  10441   9688   8875   8926   8727  12522  26274      0      0  65535 
     0      0      0      0      0      0      0      0      0      0      0      0      0      0      0      0      0      0      0 
     0      0      0      0      0      0      0      0      0      0      0      0      0      0      0      0      0      0      0 
     0      0      0      0      0      0      0      0      0      0      0      0      0      0      0      0      0      0      0 
0 -1 -1
    32     60     47     76    216    185     92     57    255    255    255     87    124    255    255    146     57    100     63 
  8688   7469   8176   9909   8139   8213   9286  10003  11924  13734  10002   9500  10999  11111  10863  10400  11484  10446  11061 
 17236  13361     86    170   8176   8213   7469   8139   8688   9909  13734  11924  10003  10999  11484  11111  10446  10863  11061  10400   9500  10002   9286  12519  26274      0      0  65535 
     0      0      0      0      0      0      0      0      0      0      0      0      0      0      0      0      0      0      0 
     0      0      0      0      0      0      0      0      0      0      0      0      0      0      0      0      0      0      0 
     0      0      0      0      0      0      0      0      0      0      0      0      0      0      0      0      0      0      0 
0 -1 -1
    38     74     59     90    255    225    106     66    255    255    255     99    142    255    255    161     64    115     69 
  8921   7774   8424  10211   8466   8661   9567  10311  12440  15180  10482   9802  11355  11687  11327  10687  11795  10740  11306 
 17236  13361     86    170   8424   8661   7774   8466   8921  10211  15180  12440  10311  11355  11795  11687  10740  11327  11306  10687   9802  10482   9567  12513  26274      0      0  65535 
     0      0      0      0      0      0      0      0      0      0      0      0      0      0      0      0      0      0      0 
     0      0      0      0      0      0      0      0      0      0      0      0      0      0      0      0      0      0      0 
     0      0      0      0      0      0      0      0      0      0      0      0      0      0      0      0      0      0      0 
0 -1 -1
    43     81     66     99    255    246    117     74    255    255    255    110    159    255    255    178     72    131     78 
  9095   7943   8583  10403   8646   8890   9772  10573  12777  15967  10825  10079  11688  12100  11732  11008  12162  11057  11627 
 17236  13361     86    170   8583   8890   7943   8646   9095  10403  15967  12777  10573  11688  12162  12100  11057  11732  11627  11008  10079  10825   9772  12508  26274      0      0  65535 
     0      0      0      0      0      0      0      0      0      0      0      0      0      0      0      0      0      0      0 
     0      0      0      0      0      0      0      0      0      0      0      0      0      0      0      0      0      0      0 
     0      0      0      0      0      0      0      0      0      0      0      0      0      0      0      0      0      0      0 
0 -1 -1
    46     88     72    107    255    255    126     79    255    255    255    119    172    255    255    193     78    144     84 
  9220   8093   8719  10560   8793   9090   9964  10765  13053  16637  11135  10316  11935  12438  12065  11283  12406  11316  11870 
 17236  13361     86    169   8719   9090   8093   8793   9220  10560  16637  13053  10765  11935  12406  12438  11316  12065  11870  11283  10316  11135   9964  12522  26276      0      0  65535 
     0      0      0      0      0      0      0      0      0      0      0      0      0      0      0      0      0      0      0 
     0      0      0      0      0      0      0      0      0      0      0      0      0      0      0      0      0      0      0 
     0      0      0      0      0      0      0      0      0      0      0      0      0      0      0      0      0      0      0 
0 -1 -1
    51     97     80    116    255    255    138     86    255    255    255    128    185    255    255    207     83    157     90 
  9400   8294   8890  10754   8980   9339  10195  10977  13365  17404  11469  10549  12188  12769  12411  11549  12643  11560  12084 
 17236  13361     86    169   8890   9339   8294   8980   9400  10754  17404  13365  10977  12188  12643  12769  11560  12411  12084  11549  10549  11469  10195  12520  26274      0      0  65535 
     0      0      0      0      0      0      0      0      0      0      0      0      0      0      0      0      0      0      0 
     0      0      0      0      0      0      0      0      0      0      0      0      0      0      0      0      0      0      0 
     0      0      0      0      0      0      0      0      0      0      0      0      0      0      0      0      0      0      0 
0 -1 -1
    53    102     83    121    255    255    143     89    255    255    255    132    192    255    255    213     86    163     92 
  9495   8400   8955  10857   9077   9473  10309  11081  13524  17807  11629  10658  12317  12935  12579  11673  12756  11679  12182 
 17236  13361     86    169   8955   9473   8400   9077   9495  10857  17807  13524  11081  12317  12756  12935  11679  12579  12182  11673  10658  11629  10309  12516  26273      0      0  65535 
     0      0      0      0      0      0      0      0      0      0      0      0      0      0      0      0      0      0      0 
     0      0      0      0      0      0      0      0      0      0      0      0      0      0      0      0      0      0      0 
     0      0      0      0      0      0      0      0      0      0      0      0      0      0      0      0      0      0      0 
0 -1 -1
    55    105     86    125    255    255    148     91    255    255    255    136    197    255    255    218     88    167     94 
  9563   8471   9016  10942   9152   9573  10395  11169  13647  18113  11757  10744  12415  13078  12713  11769  12849  11771  12263 
 17236  13361     86    168   9016   9573   8471   9152   9563  10942  18113  13647  11169  12415  12849  13078  11771  12713  12263  11769  10744  11757  10395  12512  26275      0      0  65535 
     0      0      0      0      0      0      0      0      0      0      0      0      0      0      0      0      0      0      0 
     0      0      0      0      0      0      0      0      0      0      0      0      0      0      0      0      0      0      0 
     0      0      0      0      0      0      0      0      0      0      0      0      0      0      0      0      0      0      0 
0 -1 -1
    59    113     92    133    255    255    157     97    255    255    255    143    208    255    255    229     93    178     99 
  9705   8632   9144  11118   9310   9767  10579  11356  13894  18751  12014  10925  12644  13375  13001  11971  13060  11975  12447 
 17236  13361     86    168   9144   9767   8632   9310   9705  11118  18751  13894  11356  12644  13060  13375  11975  13001  12447  11971  10925  12014  10579  12486  26274      0      0  65535 
     0      0      0      0      0      0      0      0      0      0      0      0      0      0      0      0      0      0      0 
     0      0      0      0      0      0      0      0      0      0      0      0      0      0      0      0      0      0      0 
     0      0      0      0      0      0      0      0      0      0      0      0      0      0      0      0      0      0      0 
0 -1 -1
    61    117     96    138    255    255    162    100    255    255    255    146    215    255    255    234     96    184    102 
  9793   8727   9229  11227   9411   9904  10671  11471  14043  19159  12139  11007  12784  13535  13156  12073  13180  12095  12545 
 17236  13361     86    168   9229   9904   8727   9411   9793  11227  19159  14043  11471  12784  13180  13535  12095  13156  12545  12073  11007  12139  10671  12489  26272      0      0  65535 
     0      0      0      0      0      0      0      0      0      0      0      0      0      0      0      0      0      0      0 
     0      0      0      0      0      0      0      0      0      0      0      0      0      0      0      0      0      0      0 
     0      0      0      0      0      0      0      0      0      0      0      0      0      0      0      0      0      0      0 
0 -1 -1
    62    118     98    140    255    255    164    101    255    255    255    147    218    255    255    236     97    186    103 
  9824   8751   9259  11262   9438   9940  10711  11510  14081  19282  12179  11033  12828  13583  13207  12112  13226  12139  12586 
 17236  13361     86    168   9259   9940   8751   9438   9824  11262  19282  14081  11510  12828  13226  13583  12139  13207  12586  12112  11033  12179  10711  12496  26272      0      0  65535 
     0      0      0      0      0      0      0      0      0      0      0      0      0      0      0      0      0      0      0 
     0      0      0      0      0      0      0      0      0      0      0      0      0      0      0      0      0      0      0 
     0      0      0      0      0      0      0      0      0      0      0      0      0      0      0      0      0      0      0 
0 -1 -1
    62    119     98    140    255    255    164    102    255    255    255    147    218    255    255    237     97    187    103 
  9835   8766   9274  11270   9448   9955  10718  11516  14085  19316  12184  11034  12835  13586  13213  12119  13237  12151  12594 
 17236  13361     86    168   9274   9955   8766   9448   9835  11270  19316  14085  11516  12835  13237  13586  12151  13213  12594  12119  11034  12184  10718  12496  26274      0      0  65535 
     0      0      0      0      0      0      0      0      0      0      0      0      0      0      0      0      0      0      0 
     0      0      0      0      0      0      0      0      0      0      0      0      0      0      0      0      0      0      0 
     0      0      0      0      0      0      0      0      0      0      0      0      0      0      0      0      0      0      0 
0 -1 -1
    62    118     98    140    255    255    164    101    255    255    255    146    217    255    255    236     97    186    103 
  9825   8758   9270  11260   9441   9946  10710  11504  14063  19285  12164  11003  12817  13561  13187  12100  13226  12139  12582 
 17236  13361     86    168   9270   9946   8758   9441   9825  11260  19285  14063  11504  12817  13226  13561  12139  13187  12582  12100  11003  12164  10710  12489  26273      0      0  65535 
     0      0      0      0      0      0      0      0      0      0      0      0      0      0      0      0      0      0      0 
     0      0      0      0      0      0      0      0      0      0      0      0      0      0      0      0      0      0      0 
     0      0      0      0      0      0      0      0      0      0      0      0      0      0      0      0      0      0      0 
0 -1 -1
    61    118     97    139    255    255    163    101    255    255    255    145    216    255    255    234     96    185    102 
  9814   8746   9255  11240   9426   9923  10692  11482  14032  19224  12135  10972  12788  13523  13150  12075  13201  12118  12560 
 17236  13361     86    168   9255   9923   8746   9426   9814  11240  19224  14032  11482  12788  13201  13523  12118  13150  12560  12075  10972  12135  10692  12489  26275      0      0  65535 
     0      0      0      0      0      0      0      0      0      0      0      0      0      0      0      0      0      0      0 
     0      0      0      0      0      0      0      0      0      0      0      0      0      0      0      0      0      0      0 
     0      0      0      0      0      0      0      0      0      0      0      0      0      0      0      0      0      0      0 
0 -1 -1
    61    117     97    138    255    255    162    100    255    255    255    144    215    255    255    233     96    184    102 
  9806   8734   9238  11227   9415   9907  10678  11472  14008  19165  12108  10951  12769  13490  13114  12048  13184  12094  12539 
 17236  13361     86    168   9238   9907   8734   9415   9806  11227  19165  14008  11472  12769  13184  13490  12094  13114  12539  12048  10951  12108  10678  12492  26274      0      0  65535 
     0      0      0      0      0      0      0      0      0      0      0      0      0      0      0      0      0      0      0 
     0      0      0      0      0      0      0      0      0      0      0      0      0      0      0      0      0      0      0 
     0      0      0      0      0      0      0      0      0      0      0      0      0      0      0      0      0      0      0 
0 -1 -1
    61    117     96    138    255    255    161    100    255    255    255    143    214    255    255    232     95    183    101 
  9801   8724   9229  11221   9403   9891  10662  11464  13989  19114  12078  10929  12754  13461  13078  12021  13172  12075  12519 
 17236  13361     86    168   9229   9891   8724   9403   9801  11221  19114  13989  11464  12754  13172  13461  12075  13078  12519  12021  10929  12078  10662  12498  26273      0      0  65535 
     0      0      0      0      0      0      0      0      0      0      0      0      0      0      0      0      0      0      0 
     0      0      0      0      0      0      0      0      0      0      0      0      0      0      0      0      0      0      0 
     0      0      0      0      0      0      0      0      0      0      0      0      0      0      0      0      0      0      0 
0 -1 -1
    61    116     96    137    255    255    161    100    255    255    255    143    213    255    255    231     95    182    101 
  9796   8715   9224  11212   9395   9880  10654  11458  13974  19081  12063  10919  12744  13444  13059  12008  13162  12065  12511 
 17236  13361     86    168   9224   9880   8715   9395   9796  11212  19081  13974  11458  12744  13162  13444  12065  13059  12511  12008  10919  12063  10654  12503  26273      0      0  65535 
     0      0      0      0      0      0      0      0      0      0      0      0      0      0      0      0      0      0      0 
     0      0      0      0      0      0      0      0      0      0      0      0      0      0      0      0      0      0      0 
     0      0      0      0      0      0      0      0      0      0      0      0      0      0      0      0      0      0      0 
0 -1 -1
    61    116     96    137    255    255    161    100    255    255    255    142    213    255    255    231     95    182    101 
  9788   8708   9218  11203   9388   9871  10648  11448  13960  19056  12052  10910  12733  13424  13040  12001  13154  12056  12506 
 17236  13361     86    168   9218   9871   8708   9388   9788  11203  19056  13960  11448  12733  13154  13424  12056  13040  12506  12001  10910  12052  10648  12509  26275      0      0  65535 
     0      0      0      0      0      0      0      0      0      0      0      0      0      0      0      0      0      0      0 
     0      0      0      0      0      0      0      0      0      0      0      0      0      0      0      0      0      0      0 
     0      0      0      0      0      0      0      0      0      0      0      0      0      0      0      0      0      0      0 
0 -1 -1
    61    116     95    137    255    255    160     99    255    255    255    142    212    255    255    230     95    182    100 
  9786   8705   9215  11198   9382   9868  10645  11441  13949  19040  12042  10904  12725  13412  13030  11992  13147  12052  12498 
 17236  13361     86    168   9215   9868   8705   9382   9786  11198  19040  13949  11441  12725  13147  13412  12052  13030  12498  11992  10904  12042  10645  12491  26273      0      0  65535 
     0      0      0      0      0      0      0      0      0      0      0      0      0      0      0      0      0      0      0 
     0      0      0      0      0      0      0      0      0      0      0      0      0      0      0      0      0      0      0 
     0      0      0      0      0      0      0      0      0      0      0      0      0      0      0      0      0      0      0 
0 -1 -1
    60    116     95    136    255    255    160     99    255    255    255    142    212    255    255    230     95    181    100 
  9776   8697   9211  11186   9375   9859  10637  11431  13935  19013  12030  10896  12714  13397  13016  11984  13136  12044  12493 
 17236  13361     86    168   9211   9859   8697   9375   9776  11186  19013  13935  11431  12714  13136  13397  12044  13016  12493  11984  10896  12030  10637  12507  26271      0      0  65535 
     0      0      0      0      0      0      0      0      0      0      0      0      0      0      0      0      0      0      0 
     0      0      0      0      0      0      0      0      0      0      0      0      0      0      0      0      0      0      0 
     0      0      0      0      0      0      0      0      0      0      0      0      0      0      0      0      0      0      0 
0 -1 -1
    60    115     95    136    255    255    160     99    255    255    255    141    212    255    255    229     95    181    100 
  9770   8690   9204  11181   9371   9851  10631  11425  13923  18990  12018  10887  12707  13385  13003  11976  13132  12038  12486 
 17236  13361     86    168   9204   9851   8690   9371   9770  11181  18990  13923  11425  12707  13132  13385  12038  13003  12486  11976  10887  12018  10631  12511  26271      0      0  65535 
     0      0      0      0      0      0      0      0      0      0      0      0      0      0      0      0      0      0      0 
     0      0      0      0      0      0      0      0      0      0      0      0      0      0      0      0      0      0      0 
     0      0      0      0      0      0      0      0      0      0      0      0      0      0      0      0      0      0      0 
0 -1 -1
    60    115     95    136    255    255    159     99    255    255    255    141    211    255    255    228     94    181    100 
  9764   8683   9197  11174   9362   9841  10619  11416  13910  18962  12003  10877  12697  13371  12986  11961  13121  12030  12477 
 17236  13361     86    168   9197   9841   8683   9362   9764  11174  18962  13910  11416  12697  13121  13371  12030  12986  12477  11961  10877  12003  10619  12506  26276      0      0  65535 
     0      0      0      0      0      0      0      0      0      0      0      0      0      0      0      0      0      0      0 
     0      0      0      0      0      0      0      0      0      0      0      0      0      0      0      0      0      0      0 
     0      0      0      0      0      0      0      0      0      0      0      0      0      0      0      0      0      0      0 
0 -1 -1
    60    115     94    135    255    255    159     98    255    255    255    141    210    255    255    228     94    180    100 
  9753   8672   9190  11163   9352   9831  10610  11404  13896  18930  11988  10867  12683  13356  12971  11951  13112  12022  12471 
 17236  13361     86    168   9190   9831   8672   9352   9753  11163  18930  13896  11404  12683  13112  13356  12022  12971  12471  11951  10867  11988  10610  12514  26274      0      0  65535 
     0      0      0      0      0      0      0      0      0      0      0      0      0      0      0      0      0      0      0 
     0      0      0      0      0      0      0      0      0      0      0      0      0      0      0      0      0      0      0 
     0      0      0      0      0      0      0      0      0      0      0      0      0      0      0      0      0      0      0 
0 -1 -1
    60    114     94    135    255    255    158     98    255    255    255    140    210    255    255    228     94    180    100 
  9741   8662   9181  11155   9346   9821  10603  11394  13884  18906  11977  10858  12677  13347  12961  11944  13105  12016  12465 
 17236  13361     86    168   9181   9821   8662   9346   9741  11155  18906  13884  11394  12677  13105  13347  12016  12961  12465  11944  10858  11977  10603  12506  26273      0      0  65535 
     0      0      0      0      0      0      0      0      0      0      0      0      0      0      0      0      0      0      0 
     0      0      0      0      0      0      0      0      0      0      0      0      0      0      0      0      0      0      0 
     0      0      0      0      0      0      0      0      0      0      0      0      0      0      0      0      0      0      0 
0 -1 -1
    60    114     94    135    255    255    158     98    255    255    255    140    210    255    255    227     94    180     99 
  9743   8660   9178  11157   9344   9820  10598  11399  13885  18904  11972  10852  12682  13347  12955  11936  13108  12016  12462 
 17236  13361     86    168   9178   9820   8660   9344   9743  11157  18904  13885  11399  12682  13108  13347  12016  12955  12462  11936  10852  11972  10598  12510  26273      0      0  65535 
     0      0      0      0      0      0      0      0      0      0      0      0      0      0      0      0      0      0      0 
     0      0      0      0      0      0      0      0      0      0      0      0      0      0      0      0      0      0      0 
     0      0      0      0      0      0      0      0      0      0      0      0      0      0      0      0      0      0      0 
0 -1 -1
    60    114     94    135    255    255    158     98    255    255    255    140    210    255    255    227     94    180     99 
  9743   8660   9177  11160   9344   9818  10597  11402  13884  18902  11967  10850  12683  13344  12950  11930  13108  12013  12459 
 17236  13361     86    168   9177   9818   8660   9344   9743  11160  18902  13884  11402  12683  13108  13344  12013  12950  12459  11930  10850  11967  10597  12511  26273      0      0  65535 
     0      0      0      0      0      0      0      0      0      0      0      0      0      0      0      0      0      0      0 
     0      0      0      0      0      0      0      0      0      0      0      0      0      0      0      0      0      0      0 
     0      0      0      0      0      0      0      0      0      0      0      0      0      0      0      0      0      0      0 
0 -1 -1
    60    114     94    135    255    255    158     98    255    255    255    140    210    255    255    227     94    180     99 
  9742   8662   9180  11156   9343   9818  10595  11400  13880  18899  11966  10851  12680  13338  12947  11930  13106  12013  12458 
 17236  13361     86    168   9180   9818   8662   9343   9742  11156  18899  13880  11400  12680  13106  13338  12013  12947  12458  11930  10851  11966  10595  12510  26273      0      0  65535 
     0      0      0      0      0      0      0      0      0      0      0      0      0      0      0      0      0      0      0 
     0      0      0      0      0      0      0      0      0      0      0      0      0      0      0      0      0      0      0 
     0      0      0      0      0      0      0      0      0      0      0      0      0      0      0      0      0      0      0 
0 -1 -1
    59    114     94    134    255    255    158     98    255    255    255    140    209    255    255    227     94    180     99 
  9735   8656   9177  11146   9339   9814  10595  11387  13869  18885  11962  10852  12667  13333  12944  11933  13097  12011  12457 
 17236  13361     86    168   9177   9814   8656   9339   9735  11146  18885  13869  11387  12667  13097  13333  12011  12944  12457  11933  10852  11962  10595  12504  26273      0      0  65535 
     0      0      0      0      0      0      0      0      0      0      0      0      0      0      0      0      0      0      0 
     0      0      0      0      0      0      0      0      0      0      0      0      0      0      0      0      0      0      0 
     0      0      0      0      0      0      0      0      0      0      0      0      0      0      0      0      0      0      0 
0 -1 -1
    58    112     92    132    255    255    155     96    255    255    255    138    206    255    255    224     92    177     98 
  9697   8620   9150  11100   9305   9779  10535  11329  13802  18742  11882  10795  12600  13245  12856  11871  13036  11956  12400 
 17236  13361     86    168   9150   9779   8620   9305   9697  11100  18742  13802  11329  12600  13036  13245  11956  12856  12400  11871  10795  11882  10535  12480  26273      0      0  65535 
     0      0      0      0      0      0      0      0      0      0      0      0      0      0      0      0      0      0      0 
     0      0      0      0      0      0      0      0      0      0      0      0      0      0      0      0      0      0      0 
     0      0      0      0      0      0      0      0      0      0      0      0      0      0      0      0      0      0      0 
0 -1 -1
    49     94     77    112    255    255    127     81    255    255    255    114    174    255    255    190     79    148     82 
  9315   8226   8813  10671   8921   9345   9973  10815  13145  17209  11109  10198  11972  12411  11970  11224  12430  11383  11807 
 17236  13361     86    169   8813   9345   8226   8921   9315  10671  17209  13145  10815  11972  12430  12411  11383  11970  11807  11224  10198  11109   9973  12493  26273      0      0  65535 
     0      0      0      0      0      0      0      0      0      0      0      0      0      0      0      0      0      0      0 
     0      0      0      0      0      0      0      0      0      0      0      0      0      0      0      0      0      0      0 
     0      0      0      0      0      0      0      0      0      0      0      0      0      0      0      0      0      0      0 
0 -1 -1
    31     63     49     77    228    214     84     55    255    255    255     78    116    255    255    129     53     97     54 
  8624   7542   8223   9932   8227   8538   9132   9957  11939  14451   9858   9278  10841  10987  10473  10068  11322  10388  10748 
 17236  13361     86    170   8223   8538   7542   8227   8624   9932  14451  11939   9957  10841  11322  10987  10388  10473  10748  10068   9278   9858   9132  12505  26273      0      0  65535 
     0      0      0      0      0      0      0      0      0      0      0      0      0      0      0      0      0      0      0 
     0      0      0      0      0      0      0      0      0      0      0      0      0      0      0      0      0      0      0 
     0      0      0      0      0      0      0      0      0      0      0      0      0      0      0      0      0      0      0 
0 -1 -1
    21     49     37     56    169    171     62     39    198    255    255     59     75    255    214     89     35     60     36 
  8243   7239   7948   9490   7805   8055   8690   9416  11114  12571   9050   8773  10034   9975   9425   9308  10508   9679  10061 
 17236  13361     86    171   7948   8055   7239   7805   8243   9490  12571  11114   9416  10034  10508   9975   9679   9425  10061   9308   8773   9050   8690  12508  26274      0      0  65535 
     0      0      0      0      0      0      0      0      0      0      0      0      0      0      0      0      0      0      0 
     0      0      0      0      0      0      0      0      0      0      0      0      0      0      0      0      0      0      0 
     0      0      0      0      0      0      0      0      0      0      0      0      0      0      0      0      0      0      0 
0 -1 -1
    11     30     22     33    104    113     34     24    131    255    175     36     44    173    131     53     22     35     22 
  7876   6810   7644   9002   7334   7417   8136   8909  10229  10518   8056   8183   9435   9039   8479   8632   9932   9180   9526 
 17236  13361     86    172   7644   7417   6810   7334   7876   9002  10518  10229   8909   9435   9932   9039   9180   8479   9526   8632   8183   8056   8136  12486  26274      0      0  65535 
     0      0      0      0      0      0      0      0      0      0      0      0      0      0      0      0      0      0      0 
     0      0      0      0      0      0      0      0      0      0      0      0      0      0      0      0      0      0      0 
     0      0      0      0      0      0      0      0      0      0      0      0      0      0      0      0      0      0      0 
0 -1 -1
     5     13     10     15     49     54     15     12     67    111     88     17     21     88     63     26     11     17     11 
  7624   6439   7377   8610   6930   6771   7754   8487   9376   8538   7142   7706   8974   8211   7696   8112   9461   8820   9109 
 17236  13361     86    173   7377   6771   6439   6930   7624   8610   8538   9376   8487   8974   9461   8211   8820   7696   9109   8112   7706   7142   7754  12505  26274      0      0  65535 
     0      0      0      0      0      0      0      0      0      0      0      0      0      0      0      0      0      0      0 
     0      0      0      0      0      0      0      0      0      0      0      0      0      0      0      0      0      0      0 
     0      0      0      0      0      0      0      0      0      0      0      0      0      0      0      0      0      0      0 
0 -1 -1
     2      8      6      8     27     29      8      6     34     39     44      9     10     45     30     13      5      9      6 
  7540   6319   7285   8468   6774   6488   7618   8298   8943   7672   6679   7507   8763   7783   7320   7869   9208   8670   8906 
 17236  13361     86    173   7285   6488   6319   6774   7540   8468   7672   8943   8298   8763   9208   7783   8670   7320   8906   7869   7507   6679   7618  12505  26274      0      0  65535 
     0      0      0      0      0      0      0      0      0      0      0      0      0      0      0      0      0      0      0 
     0      0      0      0      0      0      0      0      0      0      0      0      0      0      0      0      0      0      0 
     0      0      0      0      0      0      0      0      0      0      0      0      0      0      0      0      0      0      0 
0 -1 -1
