     0      0      0      0      0      0      0      0      0      0      0      0      0      0      0      0      0      0      0 
  7622   6336   7340   8489   6774   6372   7638   8289   8688   7429   6409   7459   8763   7560   7179   7813   9174   8694   8857 
 17236  13361     86    172   7340   6372   6336   6774   7622   8489   7429   8688   8289   8763   9174   7560   8694   7179   8857   7813   7459   6409   7638  12683  26275      0      0  65535 
     0      0      0      0      0      0      0      0      0      0      0      0      0      0      0      0      0      0      0 
     0      0      0      0      0      0      0      0      0      0      0      0      0      0      0      0      0      0      0 
     0      0      0      0      0      0      0      0      0      0      0      0      0      0      0      0      0      0      0 
0 -1 -1
     0      0      0      0      0      0      0      0      0      0      0      0      0      0      0      0      0      0      0 
  7623   6336   7337   8491   6775   6370   7637   8290   8687   7429   6408   7458   8764   7559   7180   7813   9173   8694   8857 
 17236  13361     86    172   7337   6370   6336   6775   7623   8491   7429   8687   8290   8764   9173   7559   8694   7180   8857   7813   7458   6408   7637  12665  26275      0      0  65535 
     0      0      0      0      0      0      0      0      0      0      0      0      0      0      0      0      0      0      0 
     0      0      0      0      0      0      0      0      0      0      0      0      0      0      0      0      0      0      0 
     0      0      0      0      0      0      0      0      0      0      0      0      0      0      0      0      0      0      0 
0 -1 -1
     0      0      0      0      0      0      0      0      0      0      0      0      0      0      0      0      0      0      0 
  7621   6337   7338   8487   6775   6370   7637   8288   8687   7428   6408   7458   8762   7560   7181   7813   9172   8693   8855 
 17236  13361     86    172   7338   6370   6337   6775   7621   8487   7428   8687   8288   8762   9172   7560   8693   7181   8855   7813   7458   6408   7637  12671  26274      0      0  65535 
     0      0      0      0      0      0      0      0      0      0      0      0      0      0      0      0      0      0      0 
     0      0      0      0      0      0      0      0      0      0      0      0      0      0      0      0      0      0      0 
     0      0      0      0      0      0      0      0      0      0      0      0      0      0      0      0      0      0      0 
0 -1 -1
     0      0      0      0      0      0      0      0      0      0      0      0      0      0      0      0      0      0      0 
  7623   6336   7338   8488   6774   6368   7637   8288   8687   7427   6407   7459   8760   7560   7180   7814   9172   8692   8856 
 17236  13361     86    172   7338   6368   6336   6774   7623   8488   7427   8687   8288   8760   9172   7560   8692   7180   8856   7814   7459   6407   7637  12686  26274      0      0  65535 
     0      0      0      0      0      0      0      0      0      0      0      0      0      0      0      0      0      0      0 
     0      0      0      0      0      0      0      0      0      0      0      0      0      0      0      0      0      0      0 
     0      0      0      0      0      0      0      0      0      0      0      0      0      0      0      0      0      0      0 
0 -1 -1
     0      0      0      0      0      0      0      0      0      0      0      0      0      0      0      0      0      0      0 
  7620   6336   7336   8486   6772   6368   7637   8287   8687   7428   6407   7458   8763   7559   7179   7811   9171   8693   8855 
 17236  13361     86    172   7336   6368   6336   6772   7620   8486   7428   8687   8287   8763   9171   7559   8693   7179   8855   7811   7458   6407   7637  12693  26276      0      0  65535 
     0      0      0      0      0      0      0      0      0      0      0      0      0      0      0      0      0      0      0 
     0      0      0      0      0      0      0      0      0      0      0      0      0      0      0      0      0      0      0 
     0      0      0      0      0      0      0      0      0      0      0      0      0      0      0      0      0      0      0 
0 -1 -1
     7     26      9     12     34     71     10      8     45    241     35     10      9    252     15      7      9      6      3 
  7896   6912   7533   8755   7032   7157   7835   8573   9292  10326   6784   7716   8941  10032   7357   7955   9559   8826   8961 
 17236  13361     86    171   7533   7157   6912   7032   7896   8755  10326   9292   8573   8941   9559  10032   8826   7357   8961   7955   7716   6784   7835  12683  26275      0      0  65535 
     0      0      0      0      0      0      0      0      0      0      0      0      0      0      0      0      0      0      0 
     0      0      0      0      0      0      0      0      0      0      0      0      0      0      0      0      0      0      0 
     0      0      0      0      0      0      0      0      0      0      0      0      0      0      0      0      0      0      0 
0 -1 -1
    17     73     21     29     88    170     16     17     95    255     60     16     18    255     28     13     16     13      5 
  8284   7950   7789   9109   7422   8252   7957   8865   9957  13788   7046   7876   9120  12278   7511   8069   9863   8956   9052 
 17236  13361     86    171   7789   8252   7950   7422   8284   9109  13788   9957   8865   9120   9863  12278   8956   7511   9052   8069   7876   7046   7957  12672  26273      0      0  65535 
     0      0      0      0      0      0      0      0      0      0      0      0      0      0      0      0      0      0      0 
     0      0      0      0      0      0      0      0      0      0      0      0      0      0      0      0      0      0      0 
     0      0      0      0      0      0      0      0      0      0      0      0      0      0      0      0      0      0      0 
0 -1 -1
    20     79     24     36    105    209     23     23    121    255     85     22     26    255     42     19     29     21      7 
  8398   8069   7863   9264   7540   8684   8106   9062  10297  15116   7313   8025   9282  13860   7666   8175  10468   9112   9125 
 17236  13361     86    171   7863   8684   8069   7540   8398   9264  15116  10297   9062   9282  10468  13860   9112   7666   9125   8175   8025   7313   8106  12691  26273      0      0  65535 
     0      0      0      0      0      0      0      0      0      0      0      0      0      0      0      0      0      0      0 
     0      0      0      0      0      0      0      0      0      0      0      0      0      0      0      0      0      0      0 
     0      0      0      0      0      0      0      0      0      0      0      0      0      0      0      0      0      0      0 
0 -1 -1
    49    200     55     86    240    255     57     50    239    255    178     41     56    255     87     35     67     44     11 
  9500  10745   8519  10311   8519  11573   8781   9981  11864  22050   8290   8525   9866  18665   8185   8481  12113   9559   9287 
 17236  13361     86    170   8519  11573  10745   8519   9500  10311  22050  11864   9981   9866  12113  18665   9559   8185   9287   8481   8525   8290   8781  12690  26274      1      1  65535 
     0      0      0      0      0      0      0      0      0      0      0      0      0      0      0      0      0      0      0 
     0      0      0      0      0      0      0      0      0      0      0      0      0      0      0      0      0      0      0 
     0      0      0      0      0      0      0      0      0      0      0      0      0      0      0      0      0      0      0 
0 -1 -1
    69    255     77    119    255    255     76     69    255    255    229     54     80    255    122     45     86     63     15 
 10284  12470   9005  11008   9203  13230   9160  10628  12771  25790   8828   8849  10328  20959   8582   8665  12942   9929   9415 
 17236  13361     86    169   9005  13230  12470   9203  10284  11008  25790  12771  10628  10328  12942  20959   9929   8582   9415   8665   8849   8828   9160  12676  26275      0      0  65535 
     0      0      0      0      0      0      0      0      0      0      0      0      0      0      0      0      0      0      0 
     0      0      0      0      0      0      0      0      0      0      0      0      0      0      0      0      0      0      0 
     0      0      0      0      0      0      0      0      0      0      0      0      0      0      0      0      0      0      0 
0 -1 -1
    80    255     86    138    255    255     89     81    255    255    255     63     96    255    149     53     90     84     17 
 10712  13486   9187  11410   9654  13983   9412  11036  13356  28064   9234   9082  10652  22195   8893   8821  13107  10343   9513 
 17236  13361     86    169   9187  13983  13486   9654  10712  11410  28064  13356  11036  10652  13107  22195  10343   8893   9513   8821   9082   9234   9412  12659  26275      0      0  65535 
     0      0      0      0      0      0      0      0      0      0      0      0      0      0      0      0      0      0      0 
     0      0      0      0      0      0      0      0      0      0      0      0      0      0      0      0      0      0      0 
     0      0      0      0      0      0      0      0      0      0      0      0      0      0      0      0      0      0      0 
0 -1 -1
    91    255     98    152    255    255    101     90    255    255    255     73    108    255    168     60     92    102     19 
 11120  14180   9459  11719   9959  14705   9658  11329  13712  29567   9510   9331  10880  22899   9118   8958  13216  10702   9591 
 17236  13361     86    168   9459  14705  14180   9959  11120  11719  29567  13712  11329  10880  13216  22899  10702   9118   9591   8958   9331   9510   9658  12697  26273      0      0  65535 
     0      0      0      0      0      0      0      0      0      0      0      0      0      0      0      0      0      0      0 
     0      0      0      0      0      0      0      0      0      0      0      0      0      0      0      0      0      0      0 
     0      0      0      0      0      0      0      0      0      0      0      0      0      0      0      0      0      0      0 
0 -1 -1
    98    255    109    160    255    255    111     95    255    255    255     80    112    255    183     65     84    125     21 
 11420  14748   9691  11891  10164  15289   9860  11485  13898  30744   9720   9498  10972  22925   9286   9052  12877  11137   9645 
 17236  13361     86    168   9691  15289  14748  10164  11420  11891  30744  13898  11485  10972  12877  22925  11137   9286   9645   9052   9498   9720   9860  12694  26271      0      0  65535 
     0      0      0      0      0      0      0      0      0      0      0      0      0      0      0      0      0      0      0 
     0      0      0      0      0      0      0      0      0      0      0      0      0      0      0      0      0      0      0 
     0      0      0      0      0      0      0      0      0      0      0      0      0      0      0      0      0      0      0 
0 -1 -1
   106    255    118    171    255    255    120    102    255    255    255     87    122    255    200     72     88    144     23 
 11719  15241   9889  12119  10362  15749  10032  11716  14127  31686   9934   9698  11155  23359   9486   9195  13041  11507   9752 
 17236  13361     86    168   9889  15749  15241  10362  11719  12119  31686  14127  11716  11155  13041  23359  11507   9486   9752   9195   9698   9934  10032  12691  26273      0      0  65535 
     0      0      0      0      0      0      0      0      0      0      0      0      0      0      0      0      0      0      0 
     0      0      0      0      0      0      0      0      0      0      0      0      0      0      0      0      0      0      0 
     0      0      0      0      0      0      0      0      0      0      0      0      0      0      0      0      0      0      0 
0 -1 -1
   113    255    126    181    255    255    127    108    255    255    255     93    131    255    213     78     94    155     26 
 11988  15649  10047  12327  10539  16089  10168  11933  14349  32326  10085   9851  11338  23765   9635   9301  13306  11730   9845 
 17236  13361     86    167  10047  16089  15649  10539  11988  12327  32326  14349  11933  11338  13306  23765  11730   9635   9845   9301   9851  10085  10168  12689  26272      0      0  65535 
     0      0      0      0      0      0      0      0      0      0      0      0      0      0      0      0      0      0      0 
     0      0      0      0      0      0      0      0      0      0      0      0      0      0      0      0      0      0      0 
     0      0      0      0      0      0      0      0      0      0      0      0      0      0      0      0      0      0      0 
0 -1 -1
   119    255    131    190    255    255    133    114    255    255    255     99    141    255    225     83    101    165     28 
 12203  15988  10155  12515  10686  16299  10282  12136  14549  32738  10220   9984  11523  24188   9771   9401  13596  11921   9927 
 17236  13361     86    167  10155  16299  15988  10686  12203  12515  32738  14549  12136  11523  13596  24188  11921   9771   9927   9401   9984  10220  10282  12685  26274      0      0  65535 
     0      0      0      0      0      0      0      0      0      0      0      0      0      0      0      0      0      0      0 
     0      0      0      0      0      0      0      0      0      0      0      0      0      0      0      0      0      0      0 
     0      0      0      0      0      0      0      0      0      0      0      0      0      0      0      0      0      0      0 
0 -1 -1
   122    255    135    195    255    255    138    118    255    255    255    103    146    255    235     87    104    174     29 
 12347  16198  10246  12630  10778  16491  10381  12254  14663  32766  10324  10091  11629  24435   9877   9474  13714  12098   9981 
 17236  13361     86    167  10246  16491  16198  10778  12347  12630  32766  14663  12254  11629  13714  24435  12098   9877   9981   9474  10091  10324  10381  12671  26274      0      0  65535 
     0      0      0      0      0      0      0      0      0      0      0      0      0      0      0      0      0      0      0 
     0      0      0      0      0      0      0      0      0      0      0      0      0      0      0      0      0      0      0 
     0      0      0      0      0      0      0      0      0      0      0      0      0      0      0      0      0      0      0 
0 -1 -1
   125    255    139    198    255    255    142    119    255    255    255    106    148    255    241     89    102    182     30 
 12448  16338  10329  12698  10832  16674  10469  12308  14722  32766  10397  10175  11672  24490   9951   9516  13659  12259  10015 
 17236  13361     86    167  10329  16674  16338  10832  12448  12698  32766  14722  12308  11672  13659  24490  12259   9951  10015   9516  10175  10397  10469  12675  26273      1      0  65535 
     0      0      0      0      0      0      0      0      0      0      0      0      0      0      0      0      0      0      0 
     0      0      0      0      0      0      0      0      0      0      0      0      0      0      0      0      0      0      0 
     0      0      0      0      0      0      0      0      0      0      0      0      0      0      0      0      0      0      0 
0 -1 -1
   129    255    144    204    255    255    147    123    255    255    255    110    153    255    249     93    105    190     32 
 12600  16578  10438  12822  10933  16898  10567  12425  14848  32766  10494  10284  11771  24750  10045   9586  13771  12418  10078 
 17236  13361     86    167  10438  16898  16578  10933  12600  12822  32766  14848  12425  11771  13771  24750  12418  10045  10078   9586  10284  10494  10567  12680  26273      0      0  65535 
     0      0      0      0      0      0      0      0      0      0      0      0      0      0      0      0      0      0      0 
     0      0      0      0      0      0      0      0      0      0      0      0      0      0      0      0      0      0      0 
     0      0      0      0      0      0      0      0      0      0      0      0      0      0      0      0      0      0      0 
0 -1 -1
   130    255    145    207    255    255    148    125    255    255    255    112    156    255    252     94    107    192     33 
 12648  16656  10460  12877  10971  16931  10595  12489  14909  32766  10527  10319  11829  24861  10078   9612  13862  12458  10108 
 17236  13361     86    166  10460  16931  16656  10971  12648  12877  32766  14909  12489  11829  13862  24861  12458  10078  10108   9612  10319  10527  10595  12684  26274      0      0  65535 
     0      0      0      0      0      0      0      0      0      0      0      0      0      0      0      0      0      0      0 
     0      0      0      0      0      0      0      0      0      0      0      0      0      0      0      0      0      0      0 
     0      0      0      0      0      0      0      0      0      0      0      0      0      0      0      0      0      0      0 
0 -1 -1
   134    255    148    213    255    255    152    129    255    255    255    115    163    255    255     98    112    198     34 
 12775  16879  10521  13005  11079  17054  10667  12634  15039  32766  10613  10406  11959  25197  10163   9682  14075  12580  10154 
 17236  13361     86    166  10521  17054  16879  11079  12775  13005  32766  15039  12634  11959  14075  25197  12580  10163  10154   9682  10406  10613  10667  12681  26274      0      0  65535 
     0      0      0      0      0      0      0      0      0      0      0      0      0      0      0      0      0      0      0 
     0      0      0      0      0      0      0      0      0      0      0      0      0      0      0      0      0      0      0 
     0      0      0      0      0      0      0      0      0      0      0      0      0      0      0      0      0      0      0 
0 -1 -1
   135    255    149    217    255    255    154    132    255    255    255    117    167    255    255    100    115    204     35 
 12844  17013  10539  13082  11148  17100  10714  12734  15132  32766  10667  10462  12050  25390  10217   9726  14196  12687  10197 
 17236  13361     86    166  10539  17100  17013  11148  12844  13082  32766  15132  12734  12050  14196  25390  12687  10217  10197   9726  10462  10667  10714  12682  26275      0      0  65535 
     0      0      0      0      0      0      0      0      0      0      0      0      0      0      0      0      0      0      0 
     0      0      0      0      0      0      0      0      0      0      0      0      0      0      0      0      0      0      0 
     0      0      0      0      0      0      0      0      0      0      0      0      0      0      0      0      0      0      0 
0 -1 -1
   138    255    152    220    255    255    160    134    255    255    255    121    170    255    255    103    114    215     36 
 12946  17184  10618  13158  11226  17293  10819  12807  15211  32766  10756  10556  12104  25516  10314   9777  14158  12897  10237 
 17236  13361     86    166  10618  17293  17184  11226  12946  13158  32766  15211  12807  12104  14158  25516  12897  10314  10237   9777  10556  10756  10819  12682  26275      0      0  65535 
     0      0      0      0      0      0      0      0      0      0      0      0      0      0      0      0      0      0      0 
     0      0      0      0      0      0      0      0      0      0      0      0      0      0      0      0      0      0      0 
     0      0      0      0      0      0      0      0      0      0      0      0      0      0      0      0      0      0      0 
0 -1 -1
   140    255    157    222    255    255    164    134    255    255    255    124    170    255    255    104    109    225     37 
 13032  17345  10710  13199  11283  17501  10918  12806  15246  32766  10824  10629  12099  25443  10382   9802  13932  13094  10253 
 17236  13361     86    166  10710  17501  17345  11283  13032  13199  32766  15246  12806  12099  13932  25443  13094  10382  10253   9802  10629  10824  10918  12674  26273      0      0  65535 
     0      0      0      0      0      0      0      0      0      0      0      0      0      0      0      0      0      0      0 
     0      0      0      0      0      0      0      0      0      0      0      0      0      0      0      0      0      0      0 
     0      0      0      0      0      0      0      0      0      0      0      0      0      0      0      0      0      0      0 
0 -1 -1
   142    255    159    225    255    255    167    135    255    255    255    125    172    255    255    106    108    230     37 
 13099  17468  10770  13253  11332  17611  10974  12839  15295  32766  10866  10670  12133  25460  10418   9836  13893  13192  10276 
 17236  13361     86    166  10770  17611  17468  11332  13099  13253  32766  15295  12839  12133  13893  25460  13192  10418  10276   9836  10670  10866  10974  12656  26273      0      0  65535 
     0      0      0      0      0      0      0      0      0      0      0      0      0      0      0      0      0      0      0 
     0      0      0      0      0      0      0      0      0      0      0      0      0      0      0      0      0      0      0 
     0      0      0      0      0      0      0      0      0      0      0      0      0      0      0      0      0      0      0 
0 -1 -1
   144    255    161    228    255    255    170    137    255    255    255    128    175    255    255    109    110    235     38 
 13173  17595  10801  13322  11397  17675  11023  12923  15368  32766  10923  10724  12205  25593  10469   9880  13975  13289  10313 
 17236  13361     86    165  10801  17675  17595  11397  13173  13322  32766  15368  12923  12205  13975  25593  13289  10469  10313   9880  10724  10923  11023  12678  26273      0      0  65535 
     0      0      0      0      0      0      0      0      0      0      0      0      0      0      0      0      0      0      0 
     0      0      0      0      0      0      0      0      0      0      0      0      0      0      0      0      0      0      0 
     0      0      0      0      0      0      0      0      0      0      0      0      0      0      0      0      0      0      0 
0 -1 -1
   146    255    163    232    255    255    173    141    255    255    255    131    180    255    255    111    112    243     39 
 13270  17747  10850  13416  11477  17784  11096  13028  15457  32766  11000  10804  12300  25773  10546   9933  14079  13449  10364 
 17236  13361     86    165  10850  17784  17747  11477  13270  13416  32766  15457  13028  12300  14079  25773  13449  10546  10364   9933  10804  11000  11096  12684  26273      0      0  65535 
     0      0      0      0      0      0      0      0      0      0      0      0      0      0      0      0      0      0      0 
     0      0      0      0      0      0      0      0      0      0      0      0      0      0      0      0      0      0      0 
     0      0      0      0      0      0      0      0      0      0      0      0      0      0      0      0      0      0      0 
0 -1 -1
   149    255    166    236    255    255    177    143    255    255    255    134    184    255    255    114    113    253     41 
 13373  17905  10925  13501  11555  17947  11176  13118  15537  32766  11076  10882  12374  25906  10627   9988  14112  13642  10412 
 17236  13361     86    165  10925  17947  17905  11555  13373  13501  32766  15537  13118  12374  14112  25906  13642  10627  10412   9988  10882  11076  11176  12675  26274      0      0  65535 
     0      0      0      0      0      0      0      0      0      0      0      0      0      0      0      0      0      0      0 
     0      0      0      0      0      0      0      0      0      0      0      0      0      0      0      0      0      0      0 
     0      0      0      0      0      0      0      0      0      0      0      0      0      0      0      0      0      0      0 
0 -1 -1
   150    255    169    239    255    255    180    144    255    255    255    135    185    255    255    116    112    255     41 
 13415  17998  10969  13547  11589  18016  11221  13147  15572  32766  11115  10923  12402  25927  10659  10017  14105  13709  10430 
 17236  13361     86    165  10969  18016  17998  11589  13415  13547  32766  15572  13147  12402  14105  25927  13709  10659  10430  10017  10923  11115  11221  12661  26274      0      0  65535 
     0      0      0      0      0      0      0      0      0      0      0      0      0      0      0      0      0      0      0 
     0      0      0      0      0      0      0      0      0      0      0      0      0      0      0      0      0      0      0 
     0      0      0      0      0      0      0      0      0      0      0      0      0      0      0      0      0      0      0 
0 -1 -1
   151    255    170    240    255    255    181    145    255    255    255    137    187    255    255    117    113    255     42 
 13459  18059  11000  13581  11605  18049  11252  13176  15598  32766  11140  10953  12426  25950  10678  10037  14129  13735  10447 
 17236  13361     86    165  11000  18049  18059  11605  13459  13581  32766  15598  13176  12426  14129  25950  13735  10678  10447  10037  10953  11140  11252  12664  26274      0      0  65535 
     0      0      0      0      0      0      0      0      0      0      0      0      0      0      0      0      0      0      0 
     0      0      0      0      0      0      0      0      0      0      0      0      0      0      0      0      0      0      0 
     0      0      0      0      0      0      0      0      0      0      0      0      0      0      0      0      0      0      0 
0 -1 -1
   153    255    172    242    255    255    183    146    255    255    255    138    188    255    255    118    113    255     42 
 13507  18116  11042  13617  11629  18121  11292  13211  15628  32766  11177  10995  12451  25982  10715  10068  14139  13827  10473 
 17236  13361     86    165  11042  18121  18116  11629  13507  13617  32766  15628  13211  12451  14139  25982  13827  10715  10473  10068  10995  11177  11292  12677  26274      0      0  65535 
     0      0      0      0      0      0      0      0      0      0      0      0      0      0      0      0      0      0      0 
     0      0      0      0      0      0      0      0      0      0      0      0      0      0      0      0      0      0      0 
     0      0      0      0      0      0      0      0      0      0      0      0      0      0      0      0      0      0      0 
0 -1 -1
   153    255    173    243    255    255    185    146    255    255    255    139    188    255    255    119    112    255     43 
 13531  18141  11070  13632  11643  18185  11324  13227  15643  32766  11200  11019  12457  25921  10741  10084  14068  13959  10485 
 17236  13361     86    165  11070  18185  18141  11643  13531  13632  32766  15643  13227  12457  14068  25921  13959  10741  10485  10084  11019  11200  11324  12682  26274      1      0  65535 
     0      0      0      0      0      0      0      0      0      0      0      0      0      0      0      0      0      0      0 
     0      0      0      0      0      0      0      0      0      0      0      0      0      0      0      0      0      0      0 
     0      0      0      0      0      0      0      0      0      0      0      0      0      0      0      0      0      0      0 
0 -1 -1
   151    255    171    239    255    255    181    144    255    255    255    136    185    255    255    116    109    255     41 
 13457  18042  11019  13563  11594  18074  11242  13148  15574  32766  11123  10930  12392  25665  10676  10026  13935  13877  10436 
 17236  13361     86    165  11019  18074  18042  11594  13457  13563  32766  15574  13148  12392  13935  25665  13877  10676  10436  10026  10930  11123  11242  12681  26275      0      0  65535 
     0      0      0      0      0      0      0      0      0      0      0      0      0      0      0      0      0      0      0 
     0      0      0      0      0      0      0      0      0      0      0      0      0      0      0      0      0      0      0 
     0      0      0      0      0      0      0      0      0      0      0      0      0      0      0      0      0      0      0 
0 -1 -1
   142    255    161    225    255    255    164    134    255    255    255    122    170    255    255    103     98    239     36 
 13105  17512  10796  13249  11327  17574  10905  12813  15245  32766  10797  10574  12099  24752  10391   9779  13493  13381  10243 
 17236  13361     86    165  10796  17574  17512  11327  13105  13249  32766  15245  12813  12099  13493  24752  13381  10391  10243   9779  10574  10797  10905  12679  26274      0      0  65535 
     0      0      0      0      0      0      0      0      0      0      0      0      0      0      0      0      0      0      0 
     0      0      0      0      0      0      0      0      0      0      0      0      0      0      0      0      0      0      0 
     0      0      0      0      0      0      0      0      0      0      0      0      0      0      0      0      0      0      0 
0 -1 -1
    94    255    103    148    255    255     97     88    255    255    255     68     99    255    171     56     51    153     18 
 11237  14626   9558  11627   9892  14672   9573  11261  13463  29823   9398   9197  10716  19897   9143   8888  11425  11693   9564 
 17236  13361     86    167   9558  14672  14626   9892  11237  11627  29823  13463  11261  10716  11425  19897  11693   9143   9564   8888   9197   9398   9573  12682  26274      0      0  65535 
     0      0      0      0      0      0      0      0      0      0      0      0      0      0      0      0      0      0      0 
     0      0      0      0      0      0      0      0      0      0      0      0      0      0      0      0      0      0      0 
     0      0      0      0      0      0      0      0      0      0      0      0      0      0      0      0      0      0      0 
0 -1 -1
    39    202     39     66    199    255     36     41    189    255    136     24     33    255     67     20     15     75      6 
  9149  10788   8178   9887   8227  10633   8355   9665  11207  21946   7842   8079   9418  14006   7953   8203   9835  10162   9099 
 17236  13361     86    170   8178  10633  10788   8227   9149   9887  21946  11207   9665   9418   9835  14006  10162   7953   9099   8203   8079   7842   8355  12683  26273      0      0  65535 
     0      0      0      0      0      0      0      0      0      0      0      0      0      0      0      0      0      0      0 
     0      0      0      0      0      0      0      0      0      0      0      0      0      0      0      0      0      0      0 
     0      0      0      0      0      0      0      0      0      0      0      0      0      0      0      0      0      0      0 
0 -1 -1
    13     87     12     25     86    132     11     15     77    255     49      9     10    255     24      8      4     26      2 
  8146   8255   7611   9026   7403   7836   7858   8797   9723  14818   6933   7692   8973  10142   7466   7969   9356   9213   8945 
 17236  13361     86    171   7611   7836   8255   7403   8146   9026  14818   9723   8797   8973   9356  10142   9213   7466   8945   7969   7692   6933   7858  12680  26273      0      0  65535 
     0      0      0      0      0      0      0      0      0      0      0      0      0      0      0      0      0      0      0 
     0      0      0      0      0      0      0      0      0      0      0      0      0      0      0      0      0      0      0 
     0      0      0      0      0      0      0      0      0      0      0      0      0      0      0      0      0      0      0 
0 -1 -1
     3     15      3      7     19     22      3      4     19    168     12      3      3     36      5      2      1      2      0 
  7760   6673   7407   8637   6921   6623   7696   8419   8954   9449   6539   7553   8831   7922   7250   7865   9211   8743   8874 
 17236  13361     86    172   7407   6623   6673   6921   7760   8637   9449   8954   8419   8831   9211   7922   8743   7250   8874   7865   7553   6539   7696  12676  26272      0      0  65535 
     0      0      0      0      0      0      0      0      0      0      0      0      0      0      0      0      0      0      0 
     0      0      0      0      0      0      0      0      0      0      0      0      0      0      0      0      0      0      0 
     0      0      0      0      0      0      0      0      0      0      0      0      0      0      0      0      0      0      0 
0 -1 -1
     0      0      0      1      1      2      0      1      4      7      2      1      0      0      0      0      0      0      0 
  7638   6340   7347   8522   6788   6394   7649   8313   8743   7520   6432   7482   8775   7551   7185   7822   9170   8688   8844 
 17236  13361     86    172   7347   6394   6340   6788   7638   8522   7520   8743   8313   8775   9170   7551   8688   7185   8844   7822   7482   6432   7649  12675  26273      0      0  65535 
     0      0      0      0      0      0      0      0      0      0      0      0      0      0      0      0      0      0      0 
     0      0      0      0      0      0      0      0      0      0      0      0      0      0      0      0      0      0      0 
     0      0      0      0      0      0      0      0      0      0      0      0      0      0      0      0      0      0      0 
0 -1 -1
     0      0      0      0      0      0      0      0      0      0      0      0      0      0      0      0      0      0      0 
  7608   6311   7330   8482   6766   6353   7627   8280   8694   7408   6406   7449   8752   7512   7173   7806   9158   8682   8845 
 17236  13361     86    172   7330   6353   6311   6766   7608   8482   7408   8694   8280   8752   9158   7512   8682   7173   8845   7806   7449   6406   7627  12665  26274      0      0  65535 
     0      0      0      0      0      0      0      0      0      0      0      0      0      0      0      0      0      0      0 
     0      0      0      0      0      0      0      0      0      0      0      0      0      0      0      0      0      0      0 
     0      0      0      0      0      0      0      0      0      0      0      0      0      0      0      0      0      0      0 
0 -1 -1
     0      0      0      0      0      0      0      0      0      0      0      0      0      0      0      0      0      0      0 
  7610   6313   7327   8476   6763   6350   7628   8278   8685   7397   6404   7449   8752   7512   7170   7805   9159   8680   8845 
 17236  13361     86    172   7327   6350   6313   6763   7610   8476   7397   8685   8278   8752   9159   7512   8680   7170   8845   7805   7449   6404   7628  12667  26274      0      0  65535 
     0      0      0      0      0      0      0      0      0      0      0      0      0      0      0      0      0      0      0 
     0      0      0      0      0      0      0      0      0      0      0      0      0      0      0      0      0      0      0 
     0      0      0      0      0      0      0      0      0      0      0      0      0      0      0      0      0      0      0 
0 -1 -1
     0      0      0      0      0      0      0      0      0      0      0      0      0      0      0      0      0      0      0 
  7611   6314   7328   8477   6763   6349   7629   8277   8684   7399   6404   7449   8749   7514   7170   7806   9157   8680   8844 
 17236  13361     86    172   7328   6349   6314   6763   7611   8477   7399   8684   8277   8749   9157   7514   8680   7170   8844   7806   7449   6404   7629  12675  26272      0      0  65535 
     0      0      0      0      0      0      0      0      0      0      0      0      0      0      0      0      0      0      0 
     0      0      0      0      0      0      0      0      0      0      0      0      0      0      0      0      0      0      0 
     0      0      0      0      0      0      0      0      0      0      0      0      0      0      0      0      0      0      0 
0 -1 -1
     0      0      0      0      0      0      0      0      0      0      0      0      0      0      0      0      0      0      0 
  7610   6313   7327   8476   6761   6350   7627   8276   8683   7397   6403   7450   8751   7513   7170   7805   9158   8679   8844 
 17236  13361     86    172   7327   6350   6313   6761   7610   8476   7397   8683   8276   8751   9158   7513   8679   7170   8844   7805   7450   6403   7627  12677  26273      0      0  65535 
     0      0      0      0      0      0      0      0      0      0      0      0      0      0      0      0      0      0      0 
     0      0      0      0      0      0      0      0      0      0      0      0      0      0      0      0      0      0      0 
     0      0      0      0      0      0      0      0      0      0      0      0      0      0      0      0      0      0      0 
0 -1 -1
