     7      4      5     21     25      9     15     11     28     34     45     11     17     18     21     10      4     10      6 
  6530   5083   6084   7483   5506   5044   6523   7212   7531   6306   5444   6299   7597   6267   5951   6538   7934   7404   7689 
 17236  13361     86    168   6084   5044   5083   5506   6530   7483   6306   7531   7212   7597   7934   6267   7404   5951   7689   6538   6299   5444   6523  12951  26272      0      0  65535 
     0      0      0      0      0      0      0      0      0      0      0      0      0      0      0      0      0      0      0 
     0      0      0      0      0      0      0      0      0      0      0      0      0      0      0      0      0      0      0 
     0      0      0      0      0      0      0      0      0      0      0      0      0      0      0      0      0      0      0 
0 -1 -1
    19     13     16     54     77     38     25     23     63     84     82     18     31     35     38     16      8     16      9 
  6978   5270   6332   8198   5887   5373   6717   7602   7999   6908   5827   6480   7878   6425   6143   6655   8083   7525   7828 
 17236  13361     86    168   6332   5373   5270   5887   6978   8198   6908   7999   7602   7878   8083   6425   7525   6143   7828   6655   6480   5827   6717  12941  26272      0      0  65535 
     0      0      0      0      0      0      0      0      0      0      0      0      0      0      0      0      0      0      0 
     0      0      0      0      0      0      0      0      0      0      0      0      0      0      0      0      0      0      0 
     0      0      0      0      0      0      0      0      0      0      0      0      0      0      0      0      0      0      0 
0 -1 -1
    21     15     19     57     89     45     30     22     67     97     93     21     29     35     40     18      7     15      9 
  7064   5320   6389   8247   5974   5448   6820   7578   8048   7065   5946   6554   7842   6430   6166   6681   8055   7506   7826 
 17236  13361     86    168   6389   5448   5320   5974   7064   8247   7065   8048   7578   7842   8055   6430   7506   6166   7826   6681   6554   5946   6820  12941  26273      0      0  65535 
     0      0      0      0      0      0      0      0      0      0      0      0      0      0      0      0      0      0      0 
     0      0      0      0      0      0      0      0      0      0      0      0      0      0      0      0      0      0      0 
     0      0      0      0      0      0      0      0      0      0      0      0      0      0      0      0      0      0      0 
0 -1 -1
    23     16     20     60     97     49     33     23     71    106    101     23     32     38     43     19      8     16     10 
  7138   5346   6416   8324   6030   5486   6884   7624   8112   7167   6036   6597   7893   6461   6203   6711   8079   7530   7847 
 17236  13361     86    167   6416   5486   5346   6030   7138   8324   7167   8112   7624   7893   8079   6461   7530   6203   7847   6711   6597   6036   6884  12960  26273      0      0  65535 
     0      0      0      0      0      0      0      0      0      0      0      0      0      0      0      0      0      0      0 
     0      0      0      0      0      0      0      0      0      0      0      0      0      0      0      0      0      0      0 
     0      0      0      0      0      0      0      0      0      0      0      0      0      0      0      0      0      0      0 
0 -1 -1
    30     20     25     81    132     66     42     31     96    155    128     28     45     52     58     25     11     22     13 
  7396   5424   6523   8751   6281   5678   7061   7889   8440   7757   6319   6737   8154   6594   6370   6821   8204   7643   7953 
 17236  13361     86    167   6523   5678   5424   6281   7396   8751   7757   8440   7889   8154   8204   6594   7643   6370   7953   6821   6737   6319   7061  12955  26273      0      0  65535 
     0      0      0      0      0      0      0      0      0      0      0      0      0      0      0      0      0      0      0 
     0      0      0      0      0      0      0      0      0      0      0      0      0      0      0      0      0      0      0 
     0      0      0      0      0      0      0      0      0      0      0      0      0      0      0      0      0      0      0 
0 -1 -1
    33     22     28     89    150     74     46     35    106    177    139     31     51     57     63     27     12     24     13 
  7534   5474   6582   8933   6412   5768   7144   7998   8573   8019   6432   6798   8258   6643   6427   6858   8248   7675   7984 
 17236  13361     86    167   6582   5768   5474   6412   7534   8933   8019   8573   7998   8258   8248   6643   7675   6427   7984   6858   6798   6432   7144  12955  26273      0      0  65535 
     0      0      0      0      0      0      0      0      0      0      0      0      0      0      0      0      0      0      0 
     0      0      0      0      0      0      0      0      0      0      0      0      0      0      0      0      0      0      0 
     0      0      0      0      0      0      0      0      0      0      0      0      0      0      0      0      0      0      0 
0 -1 -1
    35     23     29     93    158     78     48     36    110    187    143     31     53     58     64     28     12     25     14 
  7595   5499   6611   9014   6473   5809   7176   8041   8629   8137   6474   6821   8303   6660   6447   6873   8265   7689   8001 
 17236  13361     86    167   6611   5809   5499   6473   7595   9014   8137   8629   8041   8303   8265   6660   7689   6447   8001   6873   6821   6474   7176  12958  26274      0      0  65535 
     0      0      0      0      0      0      0      0      0      0      0      0      0      0      0      0      0      0      0 
     0      0      0      0      0      0      0      0      0      0      0      0      0      0      0      0      0      0      0 
     0      0      0      0      0      0      0      0      0      0      0      0      0      0      0      0      0      0      0 
0 -1 -1
    36     24     30     96    166     81     50     37    115    196    148     33     55     61     67     29     12     26     14 
  7641   5509   6634   9085   6528   5843   7214   8085   8688   8254   6531   6852   8349   6685   6480   6897   8286   7710   8022 
 17236  13361     86    167   6634   5843   5509   6528   7641   9085   8254   8688   8085   8349   8286   6685   7710   6480   8022   6897   6852   6531   7214  12966  26274      0      0  65535 
     0      0      0      0      0      0      0      0      0      0      0      0      0      0      0      0      0      0      0 
     0      0      0      0      0      0      0      0      0      0      0      0      0      0      0      0      0      0      0 
     0      0      0      0      0      0      0      0      0      0      0      0      0      0      0      0      0      0      0 
0 -1 -1
    36     24     30     97    166     81     49     37    115    198    147     32     55     61     67     29     12     25     14 
  7647   5505   6635   9094   6533   5846   7204   8085   8690   8267   6520   6839   8347   6682   6474   6889   8284   7704   8013 
 17236  13361     86    167   6635   5846   5505   6533   7647   9094   8267   8690   8085   8347   8284   6682   7704   6474   8013   6889   6839   6520   7204  12976  26273      0      0  65535 
     0      0      0      0      0      0      0      0      0      0      0      0      0      0      0      0      0      0      0 
     0      0      0      0      0      0      0      0      0      0      0      0      0      0      0      0      0      0      0 
     0      0      0      0      0      0      0      0      0      0      0      0      0      0      0      0      0      0      0 
0 -1 -1
    36     23     30     96    164     80     49     37    114    194    146     32     54     60     65     28     12     25     14 
  7636   5500   6627   9070   6516   5834   7191   8069   8672   8229   6501   6824   8328   6670   6458   6879   8272   7692   8001 
 17236  13361     86    167   6627   5834   5500   6516   7636   9070   8229   8672   8069   8328   8272   6670   7692   6458   8001   6879   6824   6501   7191  12969  26273      0      0  65535 
     0      0      0      0      0      0      0      0      0      0      0      0      0      0      0      0      0      0      0 
     0      0      0      0      0      0      0      0      0      0      0      0      0      0      0      0      0      0      0 
     0      0      0      0      0      0      0      0      0      0      0      0      0      0      0      0      0      0      0 
0 -1 -1
    36     23     30     97    166     81     50     37    115    198    148     32     55     61     67     29     12     25     14 
  7647   5501   6632   9093   6532   5842   7209   8087   8692   8267   6523   6838   8350   6683   6473   6890   8283   7702   8010 
 17236  13361     86    167   6632   5842   5501   6532   7647   9093   8267   8692   8087   8350   8283   6683   7702   6473   8010   6890   6838   6523   7209  12968  26273      0      0  65535 
     0      0      0      0      0      0      0      0      0      0      0      0      0      0      0      0      0      0      0 
     0      0      0      0      0      0      0      0      0      0      0      0      0      0      0      0      0      0      0 
     0      0      0      0      0      0      0      0      0      0      0      0      0      0      0      0      0      0      0 
0 -1 -1
    38     25     32    102    178     86     52     39    121    210    154     34     58     64     70     30     13     26     15 
  7726   5531   6667   9198   6618   5897   7265   8153   8776   8419   6594   6879   8414   6716   6509   6915   8310   7719   8031 
 17236  13361     86    167   6667   5897   5531   6618   7726   9198   8419   8776   8153   8414   8310   6716   7719   6509   8031   6915   6879   6594   7265  12968  26273      0      0  65535 
     0      0      0      0      0      0      0      0      0      0      0      0      0      0      0      0      0      0      0 
     0      0      0      0      0      0      0      0      0      0      0      0      0      0      0      0      0      0      0 
     0      0      0      0      0      0      0      0      0      0      0      0      0      0      0      0      0      0      0 
0 -1 -1
    42     27     34    109    195     93     57     42    132    230    166     37     64     69     76     33     14     28     16 
  7855   5576   6721   9361   6741   5976   7356   8262   8910   8659   6720   6954   8521   6766   6576   6965   8356   7757   8075 
 17236  13361     86    167   6721   5976   5576   6741   7855   9361   8659   8910   8262   8521   8356   6766   7757   6576   8075   6965   6954   6720   7356  12968  26273      0      0  65535 
     0      0      0      0      0      0      0      0      0      0      0      0      0      0      0      0      0      0      0 
     0      0      0      0      0      0      0      0      0      0      0      0      0      0      0      0      0      0      0 
     0      0      0      0      0      0      0      0      0      0      0      0      0      0      0      0      0      0      0 
0 -1 -1
    47     30     38    120    220    104     63     47    146    255    183     40     72     77     84     36     16     31     17 
  8051   5640   6802   9595   6921   6094   7483   8418   9108   9030   6898   7052   8686   6846   6673   7035   8427   7818   8136 
 17236  13361     86    166   6802   6094   5640   6921   8051   9595   9030   9108   8418   8686   8427   6846   7818   6673   8136   7035   7052   6898   7483  12958  26271      0      0  65535 
     0      0      0      0      0      0      0      0      0      0      0      0      0      0      0      0      0      0      0 
     0      0      0      0      0      0      0      0      0      0      0      0      0      0      0      0      0      0      0 
     0      0      0      0      0      0      0      0      0      0      0      0      0      0      0      0      0      0      0 
0 -1 -1
    52     33     42    132    246    116     69     52    161    255    198     44     80     85     91     40     17     33     19 
  8265   5716   6896   9837   7112   6229   7604   8576   9301   9407   7055   7134   8832   6922   6754   7101   8498   7863   8186 
 17236  13361     86    166   6896   6229   5716   7112   8265   9837   9407   9301   8576   8832   8498   6922   7863   6754   8186   7101   7134   7055   7604  12971  26271      0      0  65535 
     0      0      0      0      0      0      0      0      0      0      0      0      0      0      0      0      0      0      0 
     0      0      0      0      0      0      0      0      0      0      0      0      0      0      0      0      0      0      0 
     0      0      0      0      0      0      0      0      0      0      0      0      0      0      0      0      0      0      0 
0 -1 -1
    59     38     48    147    255    133     78     58    182    255    220     49     90     97    102     46     20     38     21 
  8524   5813   7024  10160   7365   6417   7780   8791   9573   9887   7283   7276   9030   7033   6880   7211   8604   7948   8277 
 17236  13361     86    166   7024   6417   5813   7365   8524  10160   9887   9573   8791   9030   8604   7033   7948   6880   8277   7211   7276   7283   7780  12972  26273      0      0  65535 
     0      0      0      0      0      0      0      0      0      0      0      0      0      0      0      0      0      0      0 
     0      0      0      0      0      0      0      0      0      0      0      0      0      0      0      0      0      0      0 
     0      0      0      0      0      0      0      0      0      0      0      0      0      0      0      0      0      0      0 
0 -1 -1
    68     43     56    167    255    157     89     67    211    255    247     56    103    112    119     53     23     44     24 
  8860   5931   7200  10590   7720   6684   8003   9085   9958  10553   7573   7440   9286   7182   7076   7358   8749   8060   8394 
 17236  13361     86    166   7200   6684   5931   7720   8860  10590  10553   9958   9085   9286   8749   7182   8060   7076   8394   7358   7440   7573   8003  12964  26273      0      0  65535 
     0      0      0      0      0      0      0      0      0      0      0      0      0      0      0      0      0      0      0 
     0      0      0      0      0      0      0      0      0      0      0      0      0      0      0      0      0      0      0 
     0      0      0      0      0      0      0      0      0      0      0      0      0      0      0      0      0      0      0 
0 -1 -1
    73     46     62    180    255    173     96     72    229    255    255     59    112    122    130     58     25     48     26 
  9059   6001   7314  10848   7934   6864   8125   9275  10200  11001   7739   7529   9460   7280   7200   7450   8842   8143   8466 
 17236  13361     86    165   7314   6864   6001   7934   9059  10848  11001  10200   9275   9460   8842   7280   8143   7200   8466   7450   7529   7739   8125  12970  26275      0      0  65535 
     0      0      0      0      0      0      0      0      0      0      0      0      0      0      0      0      0      0      0 
     0      0      0      0      0      0      0      0      0      0      0      0      0      0      0      0      0      0      0 
     0      0      0      0      0      0      0      0      0      0      0      0      0      0      0      0      0      0      0 
0 -1 -1
    74     47     63    182    255    177     98     74    235    255    255     61    115    126    135     60     26     50     27 
  9095   6011   7338  10902   7984   6910   8175   9335  10276  11154   7812   7568   9517   7322   7252   7490   8876   8179   8496 
 17236  13361     86    165   7338   6910   6011   7984   9095  10902  11154  10276   9335   9517   8876   7322   8179   7252   8496   7490   7568   7812   8175  12969  26273      0      0  65535 
     0      0      0      0      0      0      0      0      0      0      0      0      0      0      0      0      0      0      0 
     0      0      0      0      0      0      0      0      0      0      0      0      0      0      0      0      0      0      0 
     0      0      0      0      0      0      0      0      0      0      0      0      0      0      0      0      0      0      0 
0 -1 -1
    80     51     70    197    255    196    109     83    255    255    255     68    131    144    154     69     30     58     31 
  9347   6105   7496  11228   8262   7120   8389   9640  10601  11788   8105   7755   9824   7494   7476   7665   9048   8348   8650 
 17236  13361     86    165   7496   7120   6105   8262   9347  11228  11788  10601   9640   9824   9048   7494   8348   7476   8650   7665   7755   8105   8389  12964  26271      0      0  65535 
     0      0      0      0      0      0      0      0      0      0      0      0      0      0      0      0      0      0      0 
     0      0      0      0      0      0      0      0      0      0      0      0      0      0      0      0      0      0      0 
     0      0      0      0      0      0      0      0      0      0      0      0      0      0      0      0      0      0      0 
0 -1 -1
    85     54     75    207    255    210    115     89    255    255    255     73    139    154    165     75     32     63     33 
  9514   6176   7604  11429   8442   7266   8513   9829  10794  12186   8269   7872   9994   7595   7600   7769   9142   8444   8730 
 17236  13361     86    165   7604   7266   6176   8442   9514  11429  12186  10794   9829   9994   9142   7595   8444   7600   8730   7769   7872   8269   8513  12965  26271      0      0  65535 
     0      0      0      0      0      0      0      0      0      0      0      0      0      0      0      0      0      0      0 
     0      0      0      0      0      0      0      0      0      0      0      0      0      0      0      0      0      0      0 
     0      0      0      0      0      0      0      0      0      0      0      0      0      0      0      0      0      0      0 
0 -1 -1
    89     58     81    216    255    222    121     94    255    255    255     77    146    163    174     80     34     67     35 
  9688   6262   7723  11626   8620   7399   8637   9989  10959  12536   8413   7989  10134   7681   7703   7858   9221   8519   8800 
 17236  13361     86    164   7723   7399   6262   8620   9688  11626  12536  10959   9989  10134   9221   7681   8519   7703   8800   7858   7989   8413   8637  12971  26275      0      0  65535 
     0      0      0      0      0      0      0      0      0      0      0      0      0      0      0      0      0      0      0 
     0      0      0      0      0      0      0      0      0      0      0      0      0      0      0      0      0      0      0 
     0      0      0      0      0      0      0      0      0      0      0      0      0      0      0      0      0      0      0 
0 -1 -1
    94     63     87    227    255    235    129     99    255    255    255     82    155    173    183     85     36     70     37 
  9892   6363   7855  11857   8822   7547   8790  10158  11149  12924   8577   8120  10294   7778   7811   7957   9303   8584   8875 
 17236  13361     86    164   7855   7547   6363   8822   9892  11857  12924  11149  10158  10294   9303   7778   8584   7811   8875   7957   8120   8577   8790  12934  26273      0      0  65535 
     0      0      0      0      0      0      0      0      0      0      0      0      0      0      0      0      0      0      0 
     0      0      0      0      0      0      0      0      0      0      0      0      0      0      0      0      0      0      0 
     0      0      0      0      0      0      0      0      0      0      0      0      0      0      0      0      0      0      0 
0 -1 -1
    98     66     91    234    255    244    133    102    255    255    255     85    158    178    187     87     37     72     38 
 10037   6438   7952  12009   8963   7644   8864  10254  11259  13151   8648   8186  10370   7830   7858   8006   9349   8619   8909 
 17236  13361     86    164   7952   7644   6438   8963  10037  12009  13151  11259  10254  10370   9349   7830   8619   7858   8909   8006   8186   8648   8864  12958  26272      0      0  65535 
     0      0      0      0      0      0      0      0      0      0      0      0      0      0      0      0      0      0      0 
     0      0      0      0      0      0      0      0      0      0      0      0      0      0      0      0      0      0      0 
     0      0      0      0      0      0      0      0      0      0      0      0      0      0      0      0      0      0      0 
0 -1 -1
   101     68     94    240    255    250    136    105    255    255    255     87    163    184    193     90     38     74     39 
 10145   6493   8018  12134   9068   7714   8939  10359  11355  13347   8728   8251  10466   7887   7919   8062   9392   8663   8953 
 17236  13361     86    164   8018   7714   6493   9068  10145  12134  13347  11355  10359  10466   9392   7887   8663   7919   8953   8062   8251   8728   8939  12970  26273      0      0  65535 
     0      0      0      0      0      0      0      0      0      0      0      0      0      0      0      0      0      0      0 
     0      0      0      0      0      0      0      0      0      0      0      0      0      0      0      0      0      0      0 
     0      0      0      0      0      0      0      0      0      0      0      0      0      0      0      0      0      0      0 
0 -1 -1
   105     72     99    249    255    255    142    110    255    255    255     91    171    193    202     95     40     79     41 
 10294   6563   8113  12320   9226   7836   9050  10524  11518  13671   8853   8352  10624   7975   8020   8153   9488   8745   9032 
 17236  13361     86    164   8113   7836   6563   9226  10294  12320  13671  11518  10524  10624   9488   7975   8745   8020   9032   8153   8352   8853   9050  12971  26274      0      0  65535 
     0      0      0      0      0      0      0      0      0      0      0      0      0      0      0      0      0      0      0 
     0      0      0      0      0      0      0      0      0      0      0      0      0      0      0      0      0      0      0 
     0      0      0      0      0      0      0      0      0      0      0      0      0      0      0      0      0      0      0 
0 -1 -1
   110     76    105    255    255    255    149    115    255    255    255     96    181    204    212    101     42     83     43 
 10496   6665   8251  12549   9438   8001   9180  10711  11722  14094   9016   8478  10803   8082   8143   8260   9600   8832   9129 
 17236  13361     86    163   8251   8001   6665   9438  10496  12549  14094  11722  10711  10803   9600   8082   8832   8143   9129   8260   8478   9016   9180  12971  26271      0      0  65535 
     0      0      0      0      0      0      0      0      0      0      0      0      0      0      0      0      0      0      0 
     0      0      0      0      0      0      0      0      0      0      0      0      0      0      0      0      0      0      0 
     0      0      0      0      0      0      0      0      0      0      0      0      0      0      0      0      0      0      0 
0 -1 -1
   111     77    107    255    255    255    149    115    255    255    255     97    180    203    211    101     42     82     43 
 10527   6684   8280  12560   9455   8021   9198  10701  11722  14101   9022   8496  10793   8078   8132   8261   9591   8820   9125 
 17236  13361     86    163   8280   8021   6684   9455  10527  12560  14101  11722  10701  10793   9591   8078   8820   8132   9125   8261   8496   9022   9198  12975  26271      0      0  65535 
     0      0      0      0      0      0      0      0      0      0      0      0      0      0      0      0      0      0      0 
     0      0      0      0      0      0      0      0      0      0      0      0      0      0      0      0      0      0      0 
     0      0      0      0      0      0      0      0      0      0      0      0      0      0      0      0      0      0      0 
0 -1 -1
   113     79    108    255    255    255    151    116    255    255    255     98    182    205    213    102     43     83     44 
 10590   6720   8319  12617   9513   8060   9223  10742  11745  14192   9047   8520  10831   8098   8149   8282   9613   8836   9136 
 17236  13361     86    163   8319   8060   6720   9513  10590  12617  14192  11745  10742  10831   9613   8098   8836   8149   9136   8282   8520   9047   9223  12972  26272      0      0  65535 
     0      0      0      0      0      0      0      0      0      0      0      0      0      0      0      0      0      0      0 
     0      0      0      0      0      0      0      0      0      0      0      0      0      0      0      0      0      0      0 
     0      0      0      0      0      0      0      0      0      0      0      0      0      0      0      0      0      0      0 
0 -1 -1
   112     79    108    255    255    255    150    115    255    255    255     97    180    203    210    101     42     82     43 
 10575   6716   8308  12593   9489   8041   9201  10712  11687  14126   9013   8498  10802   8077   8121   8264   9591   8817   9118 
 17236  13361     86    163   8308   8041   6716   9489  10575  12593  14126  11687  10712  10802   9591   8077   8817   8121   9118   8264   8498   9013   9201  12966  26273      0      0  65535 
     0      0      0      0      0      0      0      0      0      0      0      0      0      0      0      0      0      0      0 
     0      0      0      0      0      0      0      0      0      0      0      0      0      0      0      0      0      0      0 
     0      0      0      0      0      0      0      0      0      0      0      0      0      0      0      0      0      0      0 
0 -1 -1
   110     77    105    255    255    255    144    112    255    255    255     93    175    197    203     97     41     79     41 
 10491   6674   8255  12488   9388   7967   9082  10613  11572  13900   8873   8395  10704   8012   8032   8187   9532   8756   9053 
 17236  13361     86    164   8255   7967   6674   9388  10491  12488  13900  11572  10613  10704   9532   8012   8756   8032   9053   8187   8395   8873   9082  12961  26273      0      0  65535 
     0      0      0      0      0      0      0      0      0      0      0      0      0      0      0      0      0      0      0 
     0      0      0      0      0      0      0      0      0      0      0      0      0      0      0      0      0      0      0 
     0      0      0      0      0      0      0      0      0      0      0      0      0      0      0      0      0      0      0 
0 -1 -1
    93     61     86    219    255    226    113     92    255    255    255     72    142    155    162     75     32     62     32 
  9821   6337   7838  11693   8656   7447   8463   9930  10850  12509   8166   7856  10042   7604   7560   7771   9156   8414   8698 
 17236  13361     86    164   7838   7447   6337   8656   9821  11693  12509  10850   9930  10042   9156   7604   8414   7560   8698   7771   7856   8166   8463  12967  26272      0      0  65535 
     0      0      0      0      0      0      0      0      0      0      0      0      0      0      0      0      0      0      0 
     0      0      0      0      0      0      0      0      0      0      0      0      0      0      0      0      0      0      0 
     0      0      0      0      0      0      0      0      0      0      0      0      0      0      0      0      0      0      0 
0 -1 -1
    43     25     36    112    203    106     49     42    139    255    157     30     60     67     71     31     14     25     13 
  7898   5540   6765   9415   6796   6123   7202   8262   9013   9128   6621   6788   8453   6740   6520   6938   8338   7695   7964 
 17236  13361     86    167   6765   6123   5540   6796   7898   9415   9128   9013   8262   8453   8338   6740   7695   6520   7964   6938   6788   6621   7202  12958  26272      0      0  65535 
     0      0      0      0      0      0      0      0      0      0      0      0      0      0      0      0      0      0      0 
     0      0      0      0      0      0      0      0      0      0      0      0      0      0      0      0      0      0      0 
     0      0      0      0      0      0      0      0      0      0      0      0      0      0      0      0      0      0      0 
0 -1 -1
    17     11     16     49     80     43     22     18     62    104     73     13     23     28     29     14      6     11      6 
  6916   5235   6321   8073   5906   5428   6656   7431   7985   7149   5740   6361   7721   6363   6040   6610   7995   7414   7689 
 17236  13361     86    168   6321   5428   5235   5906   6916   8073   7149   7985   7431   7721   7995   6363   7414   6040   7689   6610   6361   5740   6656  12968  26273      0      0  65535 
     0      0      0      0      0      0      0      0      0      0      0      0      0      0      0      0      0      0      0 
     0      0      0      0      0      0      0      0      0      0      0      0      0      0      0      0      0      0      0 
     0      0      0      0      0      0      0      0      0      0      0      0      0      0      0      0      0      0      0 
0 -1 -1
     7      6      7     16     28     14      7      6     20     22     18      5      7     10      8      5      2      4      2 
  6518   5116   6139   7384   5532   5106   6365   7034   7430   6161   5155   6134   7407   6182   5805   6450   7842   7280   7546 
 17236  13361     86    168   6139   5106   5116   5532   6518   7384   6161   7430   7034   7407   7842   6182   7280   5805   7546   6450   6134   5155   6365  12975  26274      0      0  65535 
     0      0      0      0      0      0      0      0      0      0      0      0      0      0      0      0      0      0      0 
     0      0      0      0      0      0      0      0      0      0      0      0      0      0      0      0      0      0      0 
     0      0      0      0      0      0      0      0      0      0      0      0      0      0      0      0      0      0      0 
0 -1 -1
     1      1      1      2      3      1      1      1      2      2      0      0      1      1      0      1      0      0      0 
  6295   5010   6019   7084   5352   4965   6243   6860   7197   5927   4968   6028   7281   6093   5711   6359   7750   7216   7480 
 17236  13361     86    169   6019   4965   5010   5352   6295   7084   5927   7197   6860   7281   7750   6093   7216   5711   7480   6359   6028   4968   6243  12975  26272      0      0  65535 
     0      0      0      0      0      0      0      0      0      0      0      0      0      0      0      0      0      0      0 
     0      0      0      0      0      0      0      0      0      0      0      0      0      0      0      0      0      0      0 
     0      0      0      0      0      0      0      0      0      0      0      0      0      0      0      0      0      0      0 
0 -1 -1
     0      0      0      0      0      0      0      0      0      0      0      0      0      0      0      0      0      0      0 
  6251   4985   5990   7049   5328   4947   6224   6830   7171   5902   4963   6020   7269   6084   5706   6350   7746   7207   7474 
 17236  13361     86    169   5990   4947   4985   5328   6251   7049   5902   7171   6830   7269   7746   6084   7207   5706   7474   6350   6020   4963   6224  12981  26272      0      0  65535 
     0      0      0      0      0      0      0      0      0      0      0      0      0      0      0      0      0      0      0 
     0      0      0      0      0      0      0      0      0      0      0      0      0      0      0      0      0      0      0 
     0      0      0      0      0      0      0      0      0      0      0      0      0      0      0      0      0      0      0 
0 -1 -1
     0      0      0      0      0      0      0      0      0      0      0      0      0      0      0      0      0      0      0 
  6250   4988   5988   7048   5327   4947   6226   6832   7170   5901   4962   6019   7269   6084   5705   6350   7744   7207   7473 
 17236  13361     86    169   5988   4947   4988   5327   6250   7048   5901   7170   6832   7269   7744   6084   7207   5705   7473   6350   6019   4962   6226  12975  26273      0      0  65535 
     0      0      0      0      0      0      0      0      0      0      0      0      0      0      0      0      0      0      0 
     0      0      0      0      0      0      0      0      0      0      0      0      0      0      0      0      0      0      0 
     0      0      0      0      0      0      0      0      0      0      0      0      0      0      0      0      0      0      0 
0 -1 -1
     0      0      0      0      0      0      0      0      0      0      0      0      0      0      0      0      0      0      0 
  6249   4987   5988   7047   5325   4946   6225   6833   7169   5900   4963   6020   7269   6084   5705   6349   7743   7207   7474 
 17236  13361     86    169   5988   4946   4987   5325   6249   7047   5900   7169   6833   7269   7743   6084   7207   5705   7474   6349   6020   4963   6225  12968  26273      0      0  65535 
     0      0      0      0      0      0      0      0      0      0      0      0      0      0      0      0      0      0      0 
     0      0      0      0      0      0      0      0      0      0      0      0      0      0      0      0      0      0      0 
     0      0      0      0      0      0      0      0      0      0      0      0      0      0      0      0      0      0      0 
0 -1 -1
     0      0      0      0      0      0      0      0      0      0      0      0      0      0      0      0      0      0      0 
  6249   4986   5988   7046   5326   4946   6223   6834   7167   5901   4964   6020   7269   6085   5706   6349   7744   7207   7474 
 17236  13361     86    169   5988   4946   4986   5326   6249   7046   5901   7167   6834   7269   7744   6085   7207   5706   7474   6349   6020   4964   6223  12961  26272      0      0  65535 
     0      0      0      0      0      0      0      0      0      0      0      0      0      0      0      0      0      0      0 
     0      0      0      0      0      0      0      0      0      0      0      0      0      0      0      0      0      0      0 
     0      0      0      0      0      0      0      0      0      0      0      0      0      0      0      0      0      0      0 
0 -1 -1
     0      0      0      0      0      0      0      0      0      0      0      0      0      0      0      0      0      0      0 
  6249   4986   5988   7045   5326   4949   6225   6831   7167   5899   4964   6019   7269   6083   5707   6349   7745   7206   7474 
 17236  13361     86    169   5988   4949   4986   5326   6249   7045   5899   7167   6831   7269   7745   6083   7206   5707   7474   6349   6019   4964   6225  12950  26272      0      0  65535 
     0      0      0      0      0      0      0      0      0      0      0      0      0      0      0      0      0      0      0 
     0      0      0      0      0      0      0      0      0      0      0      0      0      0      0      0      0      0      0 
     0      0      0      0      0      0      0      0      0      0      0      0      0      0      0      0      0      0      0 
0 -1 -1
     0      0      0      0      0      0      0      0      0      0      0      0      0      0      0      0      0      0      0 
  6250   4987   5988   7045   5326   4947   6224   6832   7168   5900   4964   6019   7270   6084   5706   6350   7743   7206   7474 
 17236  13361     86    169   5988   4947   4987   5326   6250   7045   5900   7168   6832   7270   7743   6084   7206   5706   7474   6350   6019   4964   6224  12968  26273      0      0  65535 
     0      0      0      0      0      0      0      0      0      0      0      0      0      0      0      0      0      0      0 
     0      0      0      0      0      0      0      0      0      0      0      0      0      0      0      0      0      0      0 
     0      0      0      0      0      0      0      0      0      0      0      0      0      0      0      0      0      0      0 
0 -1 -1
     0      0      0      0      0      0      0      0      0      0      0      0      0      0      0      0      0      0      0 
  6250   4987   5987   7046   5326   4946   6224   6833   7166   5900   4965   6019   7267   6086   5706   6349   7743   7208   7474 
 17236  13361     86    169   5987   4946   4987   5326   6250   7046   5900   7166   6833   7267   7743   6086   7208   5706   7474   6349   6019   4965   6224  12956  26273      0      0  65535 
     0      0      0      0      0      0      0      0      0      0      0      0      0      0      0      0      0      0      0 
     0      0      0      0      0      0      0      0      0      0      0      0      0      0      0      0      0      0      0 
     0      0      0      0      0      0      0      0      0      0      0      0      0      0      0      0      0      0      0 
0 -1 -1
     0      0      0      0      0      0      0      0      0      0      0      0      0      0      0      0      0      0      0 
  6248   4987   5988   7045   5326   4947   6222   6833   7167   5899   4964   6020   7268   6085   5707   6348   7744   7207   7474 
 17236  13361     86    169   5988   4947   4987   5326   6248   7045   5899   7167   6833   7268   7744   6085   7207   5707   7474   6348   6020   4964   6222  12932  26273      0      0  65535 
     0      0      0      0      0      0      0      0      0      0      0      0      0      0      0      0      0      0      0 
     0      0      0      0      0      0      0      0      0      0      0      0      0      0      0      0      0      0      0 
     0      0      0      0      0      0      0      0      0      0      0      0      0      0      0      0      0      0      0 
0 -1 -1
     0      0      0      0      0      0      0      0      0      0      0      0      0      0      0      0      0      0      0 
  6248   4986   5987   7045   5326   4947   6225   6832   7166   5901   4964   6020   7268   6084   5707   6347   7744   7206   7474 
 17236  13361     86    169   5987   4947   4986   5326   6248   7045   5901   7166   6832   7268   7744   6084   7206   5707   7474   6347   6020   4964   6225  12933  26272      0      0  65535 
     0      0      0      0      0      0      0      0      0      0      0      0      0      0      0      0      0      0      0 
     0      0      0      0      0      0      0      0      0      0      0      0      0      0      0      0      0      0      0 
     0      0      0      0      0      0      0      0      0      0      0      0      0      0      0      0      0      0      0 
0 -1 -1
     0      0      0      0      0      0      0      0      0      0      0      0      0      0      0      0      0      0      0 
  6249   4987   5988   7043   5326   4947   6223   6832   7167   5900   4964   6019   7268   6084   5705   6346   7743   7207   7474 
 17236  13361     86    169   5988   4947   4987   5326   6249   7043   5900   7167   6832   7268   7743   6084   7207   5705   7474   6346   6019   4964   6223  12967  26272      0      0  65535 
     0      0      0      0      0      0      0      0      0      0      0      0      0      0      0      0      0      0      0 
     0      0      0      0      0      0      0      0      0      0      0      0      0      0      0      0      0      0      0 
     0      0      0      0      0      0      0      0      0      0      0      0      0      0      0      0      0      0      0 
0 -1 -1
     0      0      0      0      0      0      0      0      0      0      0      0      0      0      0      0      0      0      0 
  6248   4987   5988   7044   5327   4946   6221   6833   7165   5900   4966   6018   7267   6084   5707   6347   7744   7207   7472 
 17236  13361     86    169   5988   4946   4987   5327   6248   7044   5900   7165   6833   7267   7744   6084   7207   5707   7472   6347   6018   4966   6221  12965  26272      0      0  65535 
     0      0      0      0      0      0      0      0      0      0      0      0      0      0      0      0      0      0      0 
     0      0      0      0      0      0      0      0      0      0      0      0      0      0      0      0      0      0      0 
     0      0      0      0      0      0      0      0      0      0      0      0      0      0      0      0      0      0      0 
0 -1 -1
     0      0      0      0      0      0      0      0      0      0      0      0      0      0      0      0      0      0      0 
  6249   4985   5988   7043   5326   4947   6224   6832   7167   5900   4964   6017   7267   6085   5706   6347   7743   7207   7473 
 17236  13361     86    169   5988   4947   4985   5326   6249   7043   5900   7167   6832   7267   7743   6085   7207   5706   7473   6347   6017   4964   6224  12967  26271      1      0  65535 
     0      0      0      0      0      0      0      0      0      0      0      0      0      0      0      0      0      0      0 
     0      0      0      0      0      0      0      0      0      0      0      0      0      0      0      0      0      0      0 
     0      0      0      0      0      0      0      0      0      0      0      0      0      0      0      0      0      0      0 
0 -1 -1
     0      0      0      0      0      0      0      0      0      0      0      0      0      0      0      0      0      0      0 
  6249   4987   5987   7045   5327   4947   6224   6831   7167   5900   4964   6019   7267   6084   5707   6348   7743   7207   7473 
 17236  13361     86    169   5987   4947   4987   5327   6249   7045   5900   7167   6831   7267   7743   6084   7207   5707   7473   6348   6019   4964   6224  12973  26272      0      0  65535 
     0      0      0      0      0      0      0      0      0      0      0      0      0      0      0      0      0      0      0 
     0      0      0      0      0      0      0      0      0      0      0      0      0      0      0      0      0      0      0 
     0      0      0      0      0      0      0      0      0      0      0      0      0      0      0      0      0      0      0 
0 -1 -1
     0      0      0      0      0      0      0      0      0      0      0      0      0      0      0      0      0      0      0 
  6249   4986   5987   7044   5325   4947   6223   6833   7167   5900   4964   6019   7268   6083   5706   6347   7744   7205   7474 
 17236  13361     86    169   5987   4947   4986   5325   6249   7044   5900   7167   6833   7268   7744   6083   7205   5706   7474   6347   6019   4964   6223  12940  26272      0      0  65535 
     0      0      0      0      0      0      0      0      0      0      0      0      0      0      0      0      0      0      0 
     0      0      0      0      0      0      0      0      0      0      0      0      0      0      0      0      0      0      0 
     0      0      0      0      0      0      0      0      0      0      0      0      0      0      0      0      0      0      0 
0 -1 -1
     0      0      0      0      0      0      0      0      0      0      0      0      0      0      0      0      0      0      0 
  6249   4987   5989   7043   5327   4948   6224   6831   7164   5899   4966   6017   7267   6084   5706   6345   7743   7205   7472 
 17236  13361     86    169   5989   4948   4987   5327   6249   7043   5899   7164   6831   7267   7743   6084   7205   5706   7472   6345   6017   4966   6224  12972  26273      0      0  65535 
     0      0      0      0      0      0      0      0      0      0      0      0      0      0      0      0      0      0      0 
     0      0      0      0      0      0      0      0      0      0      0      0      0      0      0      0      0      0      0 
     0      0      0      0      0      0      0      0      0      0      0      0      0      0      0      0      0      0      0 
0 -1 -1
     0      0      0      0      0      0      0      0      0      0      0      0      0      0      0      0      0      0      0 
  6249   4986   5987   7043   5326   4946   6223   6832   7166   5899   4965   6017   7266   6083   5705   6346   7743   7206   7473 
 17236  13361     86    169   5987   4946   4986   5326   6249   7043   5899   7166   6832   7266   7743   6083   7206   5705   7473   6346   6017   4965   6223  12964  26272      0      0  65535 
     0      0      0      0      0      0      0      0      0      0      0      0      0      0      0      0      0      0      0 
     0      0      0      0      0      0      0      0      0      0      0      0      0      0      0      0      0      0      0 
     0      0      0      0      0      0      0      0      0      0      0      0      0      0      0      0      0      0      0 
0 -1 -1
     0      0      0      0      0      0      0      0      0      0      0      0      0      0      0      0      0      0      0 
  6246   4984   5987   7043   5325   4946   6224   6832   7165   5900   4964   6019   7267   6084   5705   6346   7742   7206   7474 
 17236  13361     86    169   5987   4946   4984   5325   6246   7043   5900   7165   6832   7267   7742   6084   7206   5705   7474   6346   6019   4964   6224  12959  26272      0      0  65535 
     0      0      0      0      0      0      0      0      0      0      0      0      0      0      0      0      0      0      0 
     0      0      0      0      0      0      0      0      0      0      0      0      0      0      0      0      0      0      0 
     0      0      0      0      0      0      0      0      0      0      0      0      0      0      0      0      0      0      0 
0 -1 -1
     0      0      0      0      0      0      0      0      0      0      0      0      0      0      0      0      0      0      0 
  6248   4987   5986   7044   5325   4946   6223   6833   7165   5899   4964   6019   7267   6084   5706   6347   7742   7206   7475 
 17236  13361     86    169   5986   4946   4987   5325   6248   7044   5899   7165   6833   7267   7742   6084   7206   5706   7475   6347   6019   4964   6223  12967  26271      0      0  65535 
     0      0      0      0      0      0      0      0      0      0      0      0      0      0      0      0      0      0      0 
     0      0      0      0      0      0      0      0      0      0      0      0      0      0      0      0      0      0      0 
     0      0      0      0      0      0      0      0      0      0      0      0      0      0      0      0      0      0      0 
0 -1 -1
     0      0      0      0      0      0      0      0      0      0      0      0      0      0      0      0      0      0      0 
  6249   4986   5986   7042   5326   4948   6224   6831   7164   5899   4965   6019   7265   6083   5706   6347   7742   7206   7472 
 17236  13361     86    169   5986   4948   4986   5326   6249   7042   5899   7164   6831   7265   7742   6083   7206   5706   7472   6347   6019   4965   6224  12972  26271      0      0  65535 
     0      0      0      0      0      0      0      0      0      0      0      0      0      0      0      0      0      0      0 
     0      0      0      0      0      0      0      0      0      0      0      0      0      0      0      0      0      0      0 
     0      0      0      0      0      0      0      0      0      0      0      0      0      0      0      0      0      0      0 
0 -1 -1
     0      0      0      0      0      0      0      0      0      0      0      0      0      0      0      0      0      0      0 
  6248   4987   5986   7043   5327   4949   6223   6832   7165   5899   4966   6020   7267   6083   5706   6345   7743   7206   7472 
 17236  13361     86    169   5986   4949   4987   5327   6248   7043   5899   7165   6832   7267   7743   6083   7206   5706   7472   6345   6020   4966   6223  12961  26271      0      0  65535 
     0      0      0      0      0      0      0      0      0      0      0      0      0      0      0      0      0      0      0 
     0      0      0      0      0      0      0      0      0      0      0      0      0      0      0      0      0      0      0 
     0      0      0      0      0      0      0      0      0      0      0      0      0      0      0      0      0      0      0 
0 -1 -1
     0      0      0      0      0      0      0      0      0      0      0      0      0      0      0      0      0      0      0 
  6248   4986   5986   7044   5324   4947   6222   6832   7165   5899   4965   6019   7266   6082   5704   6346   7742   7206   7472 
 17236  13361     86    169   5986   4947   4986   5324   6248   7044   5899   7165   6832   7266   7742   6082   7206   5704   7472   6346   6019   4965   6222  12962  26272      0      0  65535 
     0      0      0      0      0      0      0      0      0      0      0      0      0      0      0      0      0      0      0 
     0      0      0      0      0      0      0      0      0      0      0      0      0      0      0      0      0      0      0 
     0      0      0      0      0      0      0      0      0      0      0      0      0      0      0      0      0      0      0 
0 -1 -1
     0      0      0      0      0      0      0      0      0      0      0      0      0      0      0      0      0      0      0 
  6247   4986   5987   7043   5326   4946   6222   6832   7165   5900   4963   6018   7265   6082   5705   6347   7741   7205   7473 
 17236  13361     86    169   5987   4946   4986   5326   6247   7043   5900   7165   6832   7265   7741   6082   7205   5705   7473   6347   6018   4963   6222  12961  26272      0      0  65535 
     0      0      0      0      0      0      0      0      0      0      0      0      0      0      0      0      0      0      0 
     0      0      0      0      0      0      0      0      0      0      0      0      0      0      0      0      0      0      0 
     0      0      0      0      0      0      0      0      0      0      0      0      0      0      0      0      0      0      0 
0 -1 -1
     0      0      0      0      0      0      0      0      0      0      0      0      0      0      0      0      0      0      0 
  6247   4986   5987   7043   5328   4946   6223   6831   7164   5898   4965   6018   7265   6083   5705   6346   7742   7205   7473 
 17236  13361     86    169   5987   4946   4986   5328   6247   7043   5898   7164   6831   7265   7742   6083   7205   5705   7473   6346   6018   4965   6223  12946  26272      0      0  65535 
     0      0      0      0      0      0      0      0      0      0      0      0      0      0      0      0      0      0      0 
     0      0      0      0      0      0      0      0      0      0      0      0      0      0      0      0      0      0      0 
     0      0      0      0      0      0      0      0      0      0      0      0      0      0      0      0      0      0      0 
0 -1 -1
     0      0      0      0      0      0      0      0      0      0      0      0      0      0      0      0      0      0      0 
  6248   4988   5988   7043   5325   4946   6220   6832   7164   5898   4965   6020   7266   6082   5706   6346   7742   7205   7473 
 17236  13361     86    169   5988   4946   4988   5325   6248   7043   5898   7164   6832   7266   7742   6082   7205   5706   7473   6346   6020   4965   6220  12972  26272      0      0  65535 
     0      0      0      0      0      0      0      0      0      0      0      0      0      0      0      0      0      0      0 
     0      0      0      0      0      0      0      0      0      0      0      0      0      0      0      0      0      0      0 
     0      0      0      0      0      0      0      0      0      0      0      0      0      0      0      0      0      0      0 
0 -1 -1
     0      0      0      0      0      0      0      0      0      0      0      0      0      0      0      0      0      0      0 
  6248   4985   5987   7043   5325   4946   6222   6831   7165   5899   4965   6018   7266   6082   5705   6346   7741   7206   7472 
 17236  13361     86    169   5987   4946   4985   5325   6248   7043   5899   7165   6831   7266   7741   6082   7206   5705   7472   6346   6018   4965   6222  12959  26272      0      0  65535 
     0      0      0      0      0      0      0      0      0      0      0      0      0      0      0      0      0      0      0 
     0      0      0      0      0      0      0      0      0      0      0      0      0      0      0      0      0      0      0 
     0      0      0      0      0      0      0      0      0      0      0      0      0      0      0      0      0      0      0 
0 -1 -1
     0      0      0      0      0      0      0      0      0      0      0      0      0      0      0      0      0      0      0 
  6248   4985   5988   7043   5323   4946   6221   6831   7164   5899   4964   6017   7264   6085   5705   6346   7742   7205   7473 
 17236  13361     86    169   5988   4946   4985   5323   6248   7043   5899   7164   6831   7264   7742   6085   7205   5705   7473   6346   6017   4964   6221  12955  26272      0      0  65535 
     0      0      0      0      0      0      0      0      0      0      0      0      0      0      0      0      0      0      0 
     0      0      0      0      0      0      0      0      0      0      0      0      0      0      0      0      0      0      0 
     0      0      0      0      0      0      0      0      0      0      0      0      0      0      0      0      0      0      0 
0 -1 -1
     0      0      0      0      0      0      0      0      0      0      0      0      0      0      0      0      0      0      0 
  6247   4986   5986   7040   5325   4946   6221   6830   7162   5898   4965   6017   7266   6081   5706   6347   7741   7206   7472 
 17236  13361     86    169   5986   4946   4986   5325   6247   7040   5898   7162   6830   7266   7741   6081   7206   5706   7472   6347   6017   4965   6221  12973  26272      0      0  65535 
     0      0      0      0      0      0      0      0      0      0      0      0      0      0      0      0      0      0      0 
     0      0      0      0      0      0      0      0      0      0      0      0      0      0      0      0      0      0      0 
     0      0      0      0      0      0      0      0      0      0      0      0      0      0      0      0      0      0      0 
0 -1 -1
