     1      1      1      1      4      2      1      1      2      3      3      1      1      3      3      1      0      2      1 
  7575   6301   7348   8467   6736   6351   7659   8315   8671   7371   6385   7468   8769   7510   7099   7743   9132   8597   8752 
 17236  13361     86    168   7348   6351   6301   6736   7575   8467   7371   8671   8315   8769   9132   7510   8597   7099   8752   7743   7468   6385   7659  12765  26272      0      0  65535 
     0      0      0      0      0      0      0      0      0      0      0      0      0      0      0      0      0      0      0 
     0      0      0      0      0      0      0      0      0      0      0      0      0      0      0      0      0      0      0 
     0      0      0      0      0      0      0      0      0      0      0      0      0      0      0      0      0      0      0 
0 -1 -1
     1      1      1      1      4      3      1      1      2      3      3      1      1      3      3      1      1      2      1 
  7576   6303   7350   8467   6739   6352   7660   8317   8671   7373   6387   7470   8768   7513   7102   7743   9136   8600   8754 
 17236  13361     86    168   7350   6352   6303   6739   7576   8467   7373   8671   8317   8768   9136   7513   8600   7102   8754   7743   7470   6387   7660  12764  26272      0      0  65535 
     0      0      0      0      0      0      0      0      0      0      0      0      0      0      0      0      0      0      0 
     0      0      0      0      0      0      0      0      0      0      0      0      0      0      0      0      0      0      0 
     0      0      0      0      0      0      0      0      0      0      0      0      0      0      0      0      0      0      0 
0 -1 -1
     1      1      1      1      5      3      1      1      2      3      3      1      1      3      3      2      1      2      1 
  7576   6304   7352   8470   6741   6356   7661   8319   8675   7377   6388   7470   8771   7514   7104   7747   9137   8602   8757 
 17236  13361     86    168   7352   6356   6304   6741   7576   8470   7377   8675   8319   8771   9137   7514   8602   7104   8757   7747   7470   6388   7661  12764  26273      0      0  65535 
     0      0      0      0      0      0      0      0      0      0      0      0      0      0      0      0      0      0      0 
     0      0      0      0      0      0      0      0      0      0      0      0      0      0      0      0      0      0      0 
     0      0      0      0      0      0      0      0      0      0      0      0      0      0      0      0      0      0      0 
0 -1 -1
     1      1      1      1      5      3      1      1      2      3      3      1      1      4      3      2      1      2      1 
  7580   6307   7354   8472   6745   6358   7662   8320   8676   7378   6390   7472   8773   7517   7107   7749   9139   8605   8760 
 17236  13361     86    168   7354   6358   6307   6745   7580   8472   7378   8676   8320   8773   9139   7517   8605   7107   8760   7749   7472   6390   7662  12764  26271      0      0  65535 
     0      0      0      0      0      0      0      0      0      0      0      0      0      0      0      0      0      0      0 
     0      0      0      0      0      0      0      0      0      0      0      0      0      0      0      0      0      0      0 
     0      0      0      0      0      0      0      0      0      0      0      0      0      0      0      0      0      0      0 
0 -1 -1
     1      2      1      2      5      3      1      1      3      4      4      1      1      4      4      2      1      2      1 
  7582   6311   7355   8474   6745   6361   7665   8321   8680   7382   6395   7476   8775   7520   7111   7752   9143   8608   8762 
 17236  13361     86    168   7355   6361   6311   6745   7582   8474   7382   8680   8321   8775   9143   7520   8608   7111   8762   7752   7476   6395   7665  12764  26272      0      0  65535 
     0      0      0      0      0      0      0      0      0      0      0      0      0      0      0      0      0      0      0 
     0      0      0      0      0      0      0      0      0      0      0      0      0      0      0      0      0      0      0 
     0      0      0      0      0      0      0      0      0      0      0      0      0      0      0      0      0      0      0 
0 -1 -1
     1      2      1      2      6      3      2      1      3      4      4      1      2      4      4      2      1      2      1 
  7585   6313   7357   8476   6748   6361   7668   8324   8682   7385   6395   7476   8777   7523   7113   7756   9144   8609   8767 
 17236  13361     86    168   7357   6361   6313   6748   7585   8476   7385   8682   8324   8777   9144   7523   8609   7113   8767   7756   7476   6395   7668  12767  26273      0      0  65535 
     0      0      0      0      0      0      0      0      0      0      0      0      0      0      0      0      0      0      0 
     0      0      0      0      0      0      0      0      0      0      0      0      0      0      0      0      0      0      0 
     0      0      0      0      0      0      0      0      0      0      0      0      0      0      0      0      0      0      0 
0 -1 -1
     1      2      1      2      6      4      1      1      3      4      4      1      2      4      4      2      1      2      1 
  7586   6312   7358   8478   6750   6364   7667   8325   8685   7387   6398   7478   8779   7524   7115   7755   9145   8613   8767 
 17236  13361     86    168   7358   6364   6312   6750   7586   8478   7387   8685   8325   8779   9145   7524   8613   7115   8767   7755   7478   6398   7667  12764  26273      0      0  65535 
     0      0      0      0      0      0      0      0      0      0      0      0      0      0      0      0      0      0      0 
     0      0      0      0      0      0      0      0      0      0      0      0      0      0      0      0      0      0      0 
     0      0      0      0      0      0      0      0      0      0      0      0      0      0      0      0      0      0      0 
0 -1 -1
     1      2      1      2      6      4      2      1      3      4      4      1      2      5      4      2      1      3      1 
  7589   6315   7361   8479   6753   6365   7670   8327   8687   7390   6399   7479   8780   7527   7118   7757   9147   8617   8769 
 17236  13361     86    168   7361   6365   6315   6753   7589   8479   7390   8687   8327   8780   9147   7527   8617   7118   8769   7757   7479   6399   7670  12761  26273      0      0  65535 
     0      0      0      0      0      0      0      0      0      0      0      0      0      0      0      0      0      0      0 
     0      0      0      0      0      0      0      0      0      0      0      0      0      0      0      0      0      0      0 
     0      0      0      0      0      0      0      0      0      0      0      0      0      0      0      0      0      0      0 
0 -1 -1
     1      2      1      2      6      4      2      1      3      4      4      1      2      5      5      2      1      3      1 
  7588   6318   7362   8481   6754   6368   7671   8329   8688   7393   6402   7480   8783   7530   7120   7761   9148   8617   8773 
 17236  13361     86    168   7362   6368   6318   6754   7588   8481   7393   8688   8329   8783   9148   7530   8617   7120   8773   7761   7480   6402   7671  12763  26273      0      0  65535 
     0      0      0      0      0      0      0      0      0      0      0      0      0      0      0      0      0      0      0 
     0      0      0      0      0      0      0      0      0      0      0      0      0      0      0      0      0      0      0 
     0      0      0      0      0      0      0      0      0      0      0      0      0      0      0      0      0      0      0 
0 -1 -1
     1      2      2      2      7      4      2      1      4      5      5      1      2      5      5      2      1      3      1 
  7592   6319   7363   8482   6757   6371   7673   8331   8692   7396   6405   7481   8784   7531   7121   7762   9149   8619   8773 
 17236  13361     86    168   7363   6371   6319   6757   7592   8482   7396   8692   8331   8784   9149   7531   8619   7121   8773   7762   7481   6405   7673  12763  26272      0      0  65535 
     0      0      0      0      0      0      0      0      0      0      0      0      0      0      0      0      0      0      0 
     0      0      0      0      0      0      0      0      0      0      0      0      0      0      0      0      0      0      0 
     0      0      0      0      0      0      0      0      0      0      0      0      0      0      0      0      0      0      0 
0 -1 -1
     1      2      2      2      7      4      2      1      4      5      5      1      2      6      5      3      1      3      1 
  7595   6321   7364   8485   6759   6373   7675   8332   8694   7397   6407   7483   8786   7535   7125   7766   9152   8622   8776 
 17236  13361     86    168   7364   6373   6321   6759   7595   8485   7397   8694   8332   8786   9152   7535   8622   7125   8776   7766   7483   6407   7675  12763  26271      0      0  65535 
     0      0      0      0      0      0      0      0      0      0      0      0      0      0      0      0      0      0      0 
     0      0      0      0      0      0      0      0      0      0      0      0      0      0      0      0      0      0      0 
     0      0      0      0      0      0      0      0      0      0      0      0      0      0      0      0      0      0      0 
0 -1 -1
     1      2      2      2      7      5      2      1      4      5      5      1      2      6      5      3      1      3      1 
  7597   6325   7366   8487   6761   6374   7677   8333   8695   7399   6409   7485   8789   7539   7127   7767   9155   8627   8780 
 17236  13361     86    168   7366   6374   6325   6761   7597   8487   7399   8695   8333   8789   9155   7539   8627   7127   8780   7767   7485   6409   7677  12764  26272      0      0  65535 
     0      0      0      0      0      0      0      0      0      0      0      0      0      0      0      0      0      0      0 
     0      0      0      0      0      0      0      0      0      0      0      0      0      0      0      0      0      0      0 
     0      0      0      0      0      0      0      0      0      0      0      0      0      0      0      0      0      0      0 
0 -1 -1
     2      3      2      4      8      6      3      2      6      6      6      3      2      7      6      4      1      3      2 
  7630   6339   7375   8529   6766   6386   7693   8355   8720   7416   6424   7525   8795   7550   7135   7791   9168   8633   8793 
 17236  13361     86    168   7375   6386   6339   6766   7630   8529   7416   8720   8355   8795   9168   7550   8633   7135   8793   7791   7525   6424   7693  12766  26271      0      0  65535 
     0      0      0      0      0      0      0      0      0      0      0      0      0      0      0      0      0      0      0 
     0      0      0      0      0      0      0      0      0      0      0      0      0      0      0      0      0      0      0 
     0      0      0      0      0      0      0      0      0      0      0      0      0      0      0      0      0      0      0 
0 -1 -1
    10     23     17     15     40    107     18      9     36    217     51     15     10    126     38     13      6     20      5 
  7920   6785   7706   8756   6995   7511   7995   8609   9125   9932   6889   7829   8937   8710   7500   7962   9383   8956   8928 
 17236  13361     86    167   7706   7511   6785   6995   7920   8756   9932   9125   8609   8937   9383   8710   8956   7500   8928   7962   7829   6889   7995  12759  26272      0      0  65535 
     0      0      0      0      0      0      0      0      0      0      0      0      0      0      0      0      0      0      0 
     0      0      0      0      0      0      0      0      0      0      0      0      0      0      0      0      0      0      0 
     0      0      0      0      0      0      0      0      0      0      0      0      0      0      0      0      0      0      0 
0 -1 -1
    12     30     23     18     51    162     19     11     45    255     55     16     12    152     42     14      7     22      6 
  8002   6942   7832   8818   7077   8118   8008   8662   9246  11071   6935   7855   8974   8973   7545   7980   9419   9001   8938 
 17236  13361     86    167   7832   8118   6942   7077   8002   8818  11071   9246   8662   8974   9419   8973   9001   7545   8938   7980   7855   6935   8008  12757  26272      0      0  65535 
     0      0      0      0      0      0      0      0      0      0      0      0      0      0      0      0      0      0      0 
     0      0      0      0      0      0      0      0      0      0      0      0      0      0      0      0      0      0      0 
     0      0      0      0      0      0      0      0      0      0      0      0      0      0      0      0      0      0      0 
0 -1 -1
    19     54     39     27     84    255     35     17     75    255    100     25     18    255     74     21     11     59      8 
  8266   7471   8179   9020   7320   9655   8342   8858   9643  14063   7412   8086   9093  10301   7922   8120   9585   9720   9024 
 17236  13361     86    167   8179   9655   7471   7320   8266   9020  14063   9643   8858   9093   9585  10301   9720   7922   9024   8120   8086   7412   8342  12745  26271      0      0  65535 
     0      0      0      0      0      0      0      0      0      0      0      0      0      0      0      0      0      0      0 
     0      0      0      0      0      0      0      0      0      0      0      0      0      0      0      0      0      0      0 
     0      0      0      0      0      0      0      0      0      0      0      0      0      0      0      0      0      0      0 
0 -1 -1
    28     86     59     41    126    255     53     23    116    255    150     35     25    255    113     30     14    114     10 
  8621   8178   8600   9308   7624  11446   8686   9066  10178  17670   7938   8332   9232  11485   8369   8290   9746  10793   9102 
 17236  13361     86    166   8600  11446   8178   7624   8621   9308  17670  10178   9066   9232   9746  11485  10793   8369   9102   8290   8332   7938   8686  12734  26270      0      0  65535 
     0      0      0      0      0      0      0      0      0      0      0      0      0      0      0      0      0      0      0 
     0      0      0      0      0      0      0      0      0      0      0      0      0      0      0      0      0      0      0 
     0      0      0      0      0      0      0      0      0      0      0      0      0      0      0      0      0      0      0 
0 -1 -1
    39    119     75     59    172    255     66     32    162    255    190     43     34    255    146     39     19    164     12 
  9053   8885   8939   9689   7953  12792   8945   9388  10789  20630   8356   8538   9422  12549   8743   8448   9953  11772   9199 
 17236  13361     86    166   8939  12792   8885   7953   9053   9689  20630  10789   9388   9422   9953  12549  11772   8743   9199   8448   8538   8356   8945  12758  26268      0      0  65535 
     0      0      0      0      0      0      0      0      0      0      0      0      0      0      0      0      0      0      0 
     0      0      0      0      0      0      0      0      0      0      0      0      0      0      0      0      0      0      0 
     0      0      0      0      0      0      0      0      0      0      0      0      0      0      0      0      0      0      0 
0 -1 -1
    53    156     97     81    227    255     82     44    209    255    230     53     49    255    178     50     26    211     16 
  9604   9703   9419  10163   8354  14174   9270   9778  11418  23426   8772   8792   9699  13832   9110   8662  10236  12697   9330 
 17236  13361     86    165   9419  14174   9703   8354   9604  10163  23426  11418   9778   9699  10236  13832  12697   9110   9330   8662   8792   8772   9270  12766  26269      0      0  65535 
     0      0      0      0      0      0      0      0      0      0      0      0      0      0      0      0      0      0      0 
     0      0      0      0      0      0      0      0      0      0      0      0      0      0      0      0      0      0      0 
     0      0      0      0      0      0      0      0      0      0      0      0      0      0      0      0      0      0      0 
0 -1 -1
    61    176    110     93    255    255     93     51    235    255    253     60     57    255    200     57     29    241     18 
  9899  10153   9705  10412   8583  14939   9488  10005  11760  24877   9016   8969   9858  14452   9362   8791  10380  13283   9398 
 17236  13361     86    165   9705  14939  10153   8583   9899  10412  24877  11760  10005   9858  10380  14452  13283   9362   9398   8791   8969   9016   9488  12762  26271      0      0  65535 
     0      0      0      0      0      0      0      0      0      0      0      0      0      0      0      0      0      0      0 
     0      0      0      0      0      0      0      0      0      0      0      0      0      0      0      0      0      0      0 
     0      0      0      0      0      0      0      0      0      0      0      0      0      0      0      0      0      0      0 
0 -1 -1
    65    187    117     99    255    255     99     54    247    255    255     63     60    255    212     59     30    255     18 
 10053  10387   9852  10534   8707  15322   9604  10117  11922  25589   9132   9065   9931  14719   9499   8846  10433  13582   9424 
 17236  13361     86    165   9852  15322  10387   8707  10053  10534  25589  11922  10117   9931  10433  14719  13582   9499   9424   8846   9065   9132   9604  12757  26271      0      0  65535 
     0      0      0      0      0      0      0      0      0      0      0      0      0      0      0      0      0      0      0 
     0      0      0      0      0      0      0      0      0      0      0      0      0      0      0      0      0      0      0 
     0      0      0      0      0      0      0      0      0      0      0      0      0      0      0      0      0      0      0 
0 -1 -1
    69    204    121    105    255    255    105     58    255    255    255     67     64    255    230     62     31    255     19 
 10217  10754   9941  10672   8878  15788   9723  10241  12144  26595   9291   9161  10001  15009   9709   8896  10457  14057   9433 
 17236  13361     86    165   9941  15788  10754   8878  10217  10672  26595  12144  10241  10001  10457  15009  14057   9709   9433   8896   9161   9291   9723  12755  26272      0      0  65535 
     0      0      0      0      0      0      0      0      0      0      0      0      0      0      0      0      0      0      0 
     0      0      0      0      0      0      0      0      0      0      0      0      0      0      0      0      0      0      0 
     0      0      0      0      0      0      0      0      0      0      0      0      0      0      0      0      0      0      0 
0 -1 -1
    71    209    124    108    255    255    108     59    255    255    255     69     66    255    237     65     32    255     19 
 10300  10871   9996  10733   8927  15920   9788  10295  12227  26879   9355   9221  10040  15101   9780   8942  10494  14237   9460 
 17236  13361     86    164   9996  15920  10871   8927  10300  10733  26879  12227  10295  10040  10494  15101  14237   9780   9460   8942   9221   9355   9788  12753  26271      0      0  65535 
     0      0      0      0      0      0      0      0      0      0      0      0      0      0      0      0      0      0      0 
     0      0      0      0      0      0      0      0      0      0      0      0      0      0      0      0      0      0      0 
     0      0      0      0      0      0      0      0      0      0      0      0      0      0      0      0      0      0      0 
0 -1 -1
    76    220    131    115    255    255    114     63    255    255    255     74     71    255    251     69     34    255     21 
 10483  11124  10158  10869   9048  16283   9914  10430  12412  27523   9495   9340  10142  15407   9941   9034  10595  14627   9511 
 17236  13361     86    164  10158  16283  11124   9048  10483  10869  27523  12412  10430  10142  10595  15407  14627   9941   9511   9034   9340   9495   9914  12757  26271      0      0  65535 
     0      0      0      0      0      0      0      0      0      0      0      0      0      0      0      0      0      0      0 
     0      0      0      0      0      0      0      0      0      0      0      0      0      0      0      0      0      0      0 
     0      0      0      0      0      0      0      0      0      0      0      0      0      0      0      0      0      0      0 
0 -1 -1
    77    222    133    116    255    255    115     65    255    255    255     75     73    255    253     71     35    255     21 
 10530  11165  10189  10902   9076  16324   9927  10469  12456  27643   9515   9360  10171  15456   9965   9058  10624  14701   9527 
 17236  13361     86    164  10189  16324  11165   9076  10530  10902  27643  12456  10469  10171  10624  15456  14701   9965   9527   9058   9360   9515   9927  12759  26272      0      0  65535 
     0      0      0      0      0      0      0      0      0      0      0      0      0      0      0      0      0      0      0 
     0      0      0      0      0      0      0      0      0      0      0      0      0      0      0      0      0      0      0 
     0      0      0      0      0      0      0      0      0      0      0      0      0      0      0      0      0      0      0 
0 -1 -1
    78    222    133    117    255    255    116     65    255    255    255     75     73    255    254     71     35    255     21 
 10540  11166  10191  10913   9078  16312   9942  10485  12469  27671   9530   9372  10185  15475   9983   9072  10639  14747   9538 
 17236  13361     86    164  10191  16312  11166   9078  10540  10913  27671  12469  10485  10185  10639  15475  14747   9983   9538   9072   9372   9530   9942  12760  26274      0      0  65535 
     0      0      0      0      0      0      0      0      0      0      0      0      0      0      0      0      0      0      0 
     0      0      0      0      0      0      0      0      0      0      0      0      0      0      0      0      0      0      0 
     0      0      0      0      0      0      0      0      0      0      0      0      0      0      0      0      0      0      0 
0 -1 -1
    78    224    134    118    255    255    117     66    255    255    255     76     74    255    255     72     35    255     22 
 10574  11210  10217  10940   9100  16354   9958  10508  12498  27748   9545   9385  10203  15504  10002   9083  10654  14785   9546 
 17236  13361     86    164  10217  16354  11210   9100  10574  10940  27748  12498  10508  10203  10654  15504  14785  10002   9546   9083   9385   9545   9958  12764  26272      0      0  65535 
     0      0      0      0      0      0      0      0      0      0      0      0      0      0      0      0      0      0      0 
     0      0      0      0      0      0      0      0      0      0      0      0      0      0      0      0      0      0      0 
     0      0      0      0      0      0      0      0      0      0      0      0      0      0      0      0      0      0      0 
0 -1 -1
    80    228    136    120    255    255    119     67    255    255    255     77     76    255    255     73     36    255     22 
 10622  11284  10252  10983   9138  16427  10005  10550  12550  27904   9592   9426  10228  15586  10060   9104  10681  14899   9561 
 17236  13361     86    164  10252  16427  11284   9138  10622  10983  27904  12550  10550  10228  10681  15586  14899  10060   9561   9104   9426   9592  10005  12748  26272      0      0  65535 
     0      0      0      0      0      0      0      0      0      0      0      0      0      0      0      0      0      0      0 
     0      0      0      0      0      0      0      0      0      0      0      0      0      0      0      0      0      0      0 
     0      0      0      0      0      0      0      0      0      0      0      0      0      0      0      0      0      0      0 
0 -1 -1
    81    230    138    122    255    255    120     68    255    255    255     78     77    255    255     74     36    255     22 
 10666  11344  10289  11024   9175  16504  10027  10586  12598  28047   9619   9450  10257  15653  10098   9121  10707  14976   9575 
 17236  13361     86    164  10289  16504  11344   9175  10666  11024  28047  12598  10586  10257  10707  15653  14976  10098   9575   9121   9450   9619  10027  12752  26272      0      0  65535 
     0      0      0      0      0      0      0      0      0      0      0      0      0      0      0      0      0      0      0 
     0      0      0      0      0      0      0      0      0      0      0      0      0      0      0      0      0      0      0 
     0      0      0      0      0      0      0      0      0      0      0      0      0      0      0      0      0      0      0 
0 -1 -1
    81    231    138    123    255    255    120     69    255    255    255     79     78    255    255     75     37    255     23 
 10674  11360  10299  11040   9187  16514  10036  10603  12618  28089   9628   9456  10272  15676  10114   9133  10724  15009   9585 
 17236  13361     86    164  10299  16514  11360   9187  10674  11040  28089  12618  10603  10272  10724  15676  15009  10114   9585   9133   9456   9628  10036  12758  26271      0      0  65535 
     0      0      0      0      0      0      0      0      0      0      0      0      0      0      0      0      0      0      0 
     0      0      0      0      0      0      0      0      0      0      0      0      0      0      0      0      0      0      0 
     0      0      0      0      0      0      0      0      0      0      0      0      0      0      0      0      0      0      0 
0 -1 -1
    82    232    138    123    255    255    121     69    255    255    255     79     79    255    255     75     37    255     23 
 10693  11379  10309  11038   9199  16527  10055  10618  12635  28132   9648   9474  10286  15705  10136   9145  10739  15055   9595 
 17236  13361     86    164  10309  16527  11379   9199  10693  11038  28132  12635  10618  10286  10739  15705  15055  10136   9595   9145   9474   9648  10055  12760  26271      0      0  65535 
     0      0      0      0      0      0      0      0      0      0      0      0      0      0      0      0      0      0      0 
     0      0      0      0      0      0      0      0      0      0      0      0      0      0      0      0      0      0      0 
     0      0      0      0      0      0      0      0      0      0      0      0      0      0      0      0      0      0      0 
0 -1 -1
    84    237    142    125    255    255    124     71    255    255    255     81     81    255    255     77     38    255     24 
 10771  11491  10379  11098   9259  16683  10110  10682  12719  28394   9704   9527  10336  15848  10211   9182  10788  15226   9621 
 17236  13361     86    164  10379  16683  11491   9259  10771  11098  28394  12719  10682  10336  10788  15848  15226  10211   9621   9182   9527   9704  10110  12760  26271      0      0  65535 
     0      0      0      0      0      0      0      0      0      0      0      0      0      0      0      0      0      0      0 
     0      0      0      0      0      0      0      0      0      0      0      0      0      0      0      0      0      0      0 
     0      0      0      0      0      0      0      0      0      0      0      0      0      0      0      0      0      0      0 
0 -1 -1
    84    236    142    125    255    255    124     71    255    255    255     81     81    255    255     77     38    255     24 
 10770  11477  10375  11092   9259  16669  10103  10683  12719  28378   9697   9525  10341  15836  10203   9184  10790  15214   9624 
 17236  13361     86    164  10375  16669  11477   9259  10770  11092  28378  12719  10683  10341  10790  15836  15214  10203   9624   9184   9525   9697  10103  12757  26273      0      0  65535 
     0      0      0      0      0      0      0      0      0      0      0      0      0      0      0      0      0      0      0 
     0      0      0      0      0      0      0      0      0      0      0      0      0      0      0      0      0      0      0 
     0      0      0      0      0      0      0      0      0      0      0      0      0      0      0      0      0      0      0 
0 -1 -1
    83    234    141    124    255    255    123     70    255    255    255     81     81    255    255     77     38    255     24 
 10751  11431  10356  11074   9241  16613  10088  10661  12694  28282   9683   9512  10330  15781  10183   9179  10781  15173   9622 
 17236  13361     86    164  10356  16613  11431   9241  10751  11074  28282  12694  10661  10330  10781  15781  15173  10183   9622   9179   9512   9683  10088  12740  26272      0      0  65535 
     0      0      0      0      0      0      0      0      0      0      0      0      0      0      0      0      0      0      0 
     0      0      0      0      0      0      0      0      0      0      0      0      0      0      0      0      0      0      0 
     0      0      0      0      0      0      0      0      0      0      0      0      0      0      0      0      0      0      0 
0 -1 -1
    80    226    138    120    255    255    118     67    255    255    255     77     77    255    255     74     37    255     23 
 10651  11252  10292  10978   9154  16402   9980  10556  12564  27840   9570   9424  10258  15520  10043   9124  10711  14851   9587 
 17236  13361     86    164  10292  16402  11252   9154  10651  10978  27840  12564  10556  10258  10711  15520  14851  10043   9587   9124   9424   9570   9980  12748  26271      0      0  65535 
     0      0      0      0      0      0      0      0      0      0      0      0      0      0      0      0      0      0      0 
     0      0      0      0      0      0      0      0      0      0      0      0      0      0      0      0      0      0      0 
     0      0      0      0      0      0      0      0      0      0      0      0      0      0      0      0      0      0      0 
0 -1 -1
    61    169    109     88    251    255     83     48    226    255    231     55     54    255    179     54     26    218     17 
  9885   9994   9665  10316   8528  14563   9291   9904  11640  24451   8783   8842   9801  13697   9126   8737  10269  12837   9377 
 17236  13361     86    164   9665  14563   9994   8528   9885  10316  24451  11640   9904   9801  10269  13697  12837   9126   9377   8737   8842   8783   9291  12748  26272      0      0  65535 
     0      0      0      0      0      0      0      0      0      0      0      0      0      0      0      0      0      0      0 
     0      0      0      0      0      0      0      0      0      0      0      0      0      0      0      0      0      0      0 
     0      0      0      0      0      0      0      0      0      0      0      0      0      0      0      0      0      0      0 
0 -1 -1
    29     78     56     42    122    255     39     22    114    255    120     28     26    255     81     29     13     88     11 
  8668   7996   8541   9338   7595  10988   8419   9031  10154  17765   7617   8168   9255  10703   8001   8258   9702  10293   9131 
 17236  13361     86    166   8541  10988   7996   7595   8668   9338  17765  10154   9031   9255   9702  10703  10293   8001   9131   8258   8168   7617   8419  12733  26272      0      0  65535 
     0      0      0      0      0      0      0      0      0      0      0      0      0      0      0      0      0      0      0 
     0      0      0      0      0      0      0      0      0      0      0      0      0      0      0      0      0      0      0 
     0      0      0      0      0      0      0      0      0      0      0      0      0      0      0      0      0      0      0 
0 -1 -1
    12     26     22     18     53    156     16     10     45    255     47     14     13    123     33     15      7     19      7 
  8020   6845   7814   8832   7090   8052   7963   8627   9238  11652   6855   7814   9002   8686   7451   7999   9416   8938   8977 
 17236  13361     86    167   7814   8052   6845   7090   8020   8832  11652   9238   8627   9002   9416   8686   8938   7451   8977   7999   7814   6855   7963  12756  26272      0      0  65535 
     0      0      0      0      0      0      0      0      0      0      0      0      0      0      0      0      0      0      0 
     0      0      0      0      0      0      0      0      0      0      0      0      0      0      0      0      0      0      0 
     0      0      0      0      0      0      0      0      0      0      0      0      0      0      0      0      0      0      0 
0 -1 -1
     5      7      6      8     21     19      6      4     14     33     15      6      6     19     14      8      3      7      4 
  7728   6439   7469   8601   6862   6533   7749   8438   8837   7736   6509   7598   8864   7663   7227   7866   9256   8712   8879 
 17236  13361     86    168   7469   6533   6439   6862   7728   8601   7736   8837   8438   8864   9256   7663   8712   7227   8879   7866   7598   6509   7749  12762  26272      0      0  65535 
     0      0      0      0      0      0      0      0      0      0      0      0      0      0      0      0      0      0      0 
     0      0      0      0      0      0      0      0      0      0      0      0      0      0      0      0      0      0      0 
     0      0      0      0      0      0      0      0      0      0      0      0      0      0      0      0      0      0      0 
0 -1 -1
     3      5      4      5     16      8      4      2      9     11     11      3      4     12     11      6      2      6      3 
  7652   6376   7406   8545   6823   6416   7718   8378   8762   7467   6470   7532   8834   7594   7197   7828   9205   8688   8841 
 17236  13361     86    168   7406   6416   6376   6823   7652   8545   7467   8762   8378   8834   9205   7594   8688   7197   8841   7828   7532   6470   7718  12766  26271      0      0  65535 
     0      0      0      0      0      0      0      0      0      0      0      0      0      0      0      0      0      0      0 
     0      0      0      0      0      0      0      0      0      0      0      0      0      0      0      0      0      0      0 
     0      0      0      0      0      0      0      0      0      0      0      0      0      0      0      0      0      0      0 
0 -1 -1
     3      5      4      5     16      9      4      2      9     10     11      3      4     12     11      6      2      6      3 
  7649   6376   7408   8539   6823   6421   7719   8376   8759   7462   6471   7530   8834   7593   7197   7829   9205   8689   8842 
 17236  13361     86    168   7408   6421   6376   6823   7649   8539   7462   8759   8376   8834   9205   7593   8689   7197   8842   7829   7530   6471   7719  12768  26274      0      0  65535 
     0      0      0      0      0      0      0      0      0      0      0      0      0      0      0      0      0      0      0 
     0      0      0      0      0      0      0      0      0      0      0      0      0      0      0      0      0      0      0 
     0      0      0      0      0      0      0      0      0      0      0      0      0      0      0      0      0      0      0 
0 -1 -1
     3      4      4      5     16      9      4      2      8     10     11      3      4     11     11      6      2      6      3 
  7650   6375   7408   8540   6824   6422   7719   8375   8757   7460   6471   7529   8835   7592   7197   7828   9205   8690   8843 
 17236  13361     86    168   7408   6422   6375   6824   7650   8540   7460   8757   8375   8835   9205   7592   8690   7197   8843   7828   7529   6471   7719  12755  26272      0      0  65535 
     0      0      0      0      0      0      0      0      0      0      0      0      0      0      0      0      0      0      0 
     0      0      0      0      0      0      0      0      0      0      0      0      0      0      0      0      0      0      0 
     0      0      0      0      0      0      0      0      0      0      0      0      0      0      0      0      0      0      0 
0 -1 -1
     3      4      4      5     16      9      4      2      9     10     11      3      5     12     12      6      2      6      3 
  7652   6375   7410   8541   6826   6422   7720   8376   8759   7463   6474   7530   8836   7595   7200   7831   9208   8693   8843 
 17236  13361     86    168   7410   6422   6375   6826   7652   8541   7463   8759   8376   8836   9208   7595   8693   7200   8843   7831   7530   6474   7720  12756  26272      0      0  65535 
     0      0      0      0      0      0      0      0      0      0      0      0      0      0      0      0      0      0      0 
     0      0      0      0      0      0      0      0      0      0      0      0      0      0      0      0      0      0      0 
     0      0      0      0      0      0      0      0      0      0      0      0      0      0      0      0      0      0      0 
0 -1 -1
     3      5      4      5     16      9      4      2      9     10     11      3      5     12     12      6      2      6      3 
  7653   6378   7411   8542   6827   6424   7721   8376   8760   7462   6474   7531   8836   7598   7201   7830   9208   8693   8845 
 17236  13361     86    168   7411   6424   6378   6827   7653   8542   7462   8760   8376   8836   9208   7598   8693   7201   8845   7830   7531   6474   7721  12757  26273      0      0  65535 
     0      0      0      0      0      0      0      0      0      0      0      0      0      0      0      0      0      0      0 
     0      0      0      0      0      0      0      0      0      0      0      0      0      0      0      0      0      0      0 
     0      0      0      0      0      0      0      0      0      0      0      0      0      0      0      0      0      0      0 
0 -1 -1
     3      5      4      5     17      9      4      2      9     10     11      3      5     12     12      6      2      6      3 
  7655   6380   7412   8543   6829   6426   7721   8376   8761   7465   6475   7530   8837   7599   7203   7834   9208   8694   8848 
 17236  13361     86    168   7412   6426   6380   6829   7655   8543   7465   8761   8376   8837   9208   7599   8694   7203   8848   7834   7530   6475   7721  12756  26273      0      0  65535 
     0      0      0      0      0      0      0      0      0      0      0      0      0      0      0      0      0      0      0 
     0      0      0      0      0      0      0      0      0      0      0      0      0      0      0      0      0      0      0 
     0      0      0      0      0      0      0      0      0      0      0      0      0      0      0      0      0      0      0 
0 -1 -1
     3      5      4      5     17     10      4      2      9     11     12      3      5     12     12      6      2      7      3 
  7656   6381   7413   8544   6830   6429   7723   8377   8763   7466   6478   7532   8839   7601   7205   7833   9210   8696   8848 
 17236  13361     86    168   7413   6429   6381   6830   7656   8544   7466   8763   8377   8839   9210   7601   8696   7205   8848   7833   7532   6478   7723  12754  26273      0      0  65535 
     0      0      0      0      0      0      0      0      0      0      0      0      0      0      0      0      0      0      0 
     0      0      0      0      0      0      0      0      0      0      0      0      0      0      0      0      0      0      0 
     0      0      0      0      0      0      0      0      0      0      0      0      0      0      0      0      0      0      0 
0 -1 -1
     3      5      4      5     17     10      4      2      9     11     11      3      5     12     12      6      2      7      3 
  7657   6382   7412   8547   6830   6430   7724   8378   8765   7468   6477   7534   8840   7602   7206   7836   9210   8699   8850 
 17236  13361     86    168   7412   6430   6382   6830   7657   8547   7468   8765   8378   8840   9210   7602   8699   7206   8850   7836   7534   6477   7724  12756  26273      0      1  65535 
     0      0      0      0      0      0      0      0      0      0      0      0      0      0      0      0      0      0      0 
     0      0      0      0      0      0      0      0      0      0      0      0      0      0      0      0      0      0      0 
     0      0      0      0      0      0      0      0      0      0      0      0      0      0      0      0      0      0      0 
0 -1 -1
     3      5      4      5     17     10      4      3      9     11     12      3      5     13     12      6      2      7      3 
  7658   6384   7414   8547   6832   6432   7726   8380   8766   7471   6480   7535   8840   7604   7208   7837   9213   8699   8852 
 17236  13361     86    168   7414   6432   6384   6832   7658   8547   7471   8766   8380   8840   9213   7604   8699   7208   8852   7837   7535   6480   7726  12742  26272      0      0  65535 
     0      0      0      0      0      0      0      0      0      0      0      0      0      0      0      0      0      0      0 
     0      0      0      0      0      0      0      0      0      0      0      0      0      0      0      0      0      0      0 
     0      0      0      0      0      0      0      0      0      0      0      0      0      0      0      0      0      0      0 
0 -1 -1
