    31     39     51    125    255    255    173     57    255    255    255     39    255    255    250     68     66    127     48 
  8884   7249   8498  11210   9036  16131  11140  10271  12583  27555   9859   8521  18335  13250  10117   9159  12118  11238  10746 
 17236  13361     86    165   8498  16131   7249   9036   8884  11210  27555  12583  10271  18335  12118  13250  11238  10117  10746   9159   8521   9859  11140  12683  26270      0      0  65535 
     0      0      0      0      0      0      0      0      0      0      0      0      0      0      0      0      0      0      0 
     0      0      0      0      0      0      0      0      0      0      0      0      0      0      0      0      0      0      0 
     0      0      0      0      0      0      0      0      0      0      0      0      0      0      0      0      0      0      0 
0 -1 -1
    33     41     55    133    255    255    177     61    255    255    255     42    255    255    255     72     70    135     52 
  8957   7299   8578  11359   9131  16594  11228  10399  12741  28109   9995   8589  18739  13480  10271   9252  12299  11398  10885 
 17236  13361     86    164   8578  16594   7299   9131   8957  11359  28109  12741  10399  18739  12299  13480  11398  10271  10885   9252   8589   9995  11228  12689  26270      0      0  65535 
     0      0      0      0      0      0      0      0      0      0      0      0      0      0      0      0      0      0      0 
     0      0      0      0      0      0      0      0      0      0      0      0      0      0      0      0      0      0      0 
     0      0      0      0      0      0      0      0      0      0      0      0      0      0      0      0      0      0      0 
0 -1 -1
    36     45     60    142    255    255    184     66    255    255    255     45    255    255    255     79     75    145     56 
  9052   7374   8696  11553   9276  17254  11358  10564  12959  28881  10184   8673  19276  13809  10473   9372  12524  11592  11056 
 17236  13361     86    164   8696  17254   7374   9276   9052  11553  28881  12959  10564  19276  12524  13809  11592  10473  11056   9372   8673  10184  11358  12681  26270      0      0  65535 
     0      0      0      0      0      0      0      0      0      0      0      0      0      0      0      0      0      0      0 
     0      0      0      0      0      0      0      0      0      0      0      0      0      0      0      0      0      0      0 
     0      0      0      0      0      0      0      0      0      0      0      0      0      0      0      0      0      0      0 
0 -1 -1
    37     47     65    148    255    255    184     68    255    255    255     47    255    255    255     82     78    151     59 
  9117   7425   8796  11686   9386  17783  11366  10653  13108  29417  10299   8712  19576  14044  10601   9441  12656  11711  11151 
 17236  13361     86    164   8796  17783   7425   9386   9117  11686  29417  13108  10653  19576  12656  14044  11711  10601  11151   9441   8712  10299  11366  12692  26269      0      0  65535 
     0      0      0      0      0      0      0      0      0      0      0      0      0      0      0      0      0      0      0 
     0      0      0      0      0      0      0      0      0      0      0      0      0      0      0      0      0      0      0 
     0      0      0      0      0      0      0      0      0      0      0      0      0      0      0      0      0      0      0 
0 -1 -1
    40     51     70    157    255    255    193     72    255    255    255     50    255    255    255     89     82    160     63 
  9235   7514   8910  11875   9522  18318  11546  10779  13293  30050  10460   8805  19961  14318  10768   9563  12842  11876  11306 
 17236  13361     86    164   8910  18318   7514   9522   9235  11875  30050  13293  10779  19961  12842  14318  11876  10768  11306   9563   8805  10460  11546  12692  26269      0      0  65535 
     0      0      0      0      0      0      0      0      0      0      0      0      0      0      0      0      0      0      0 
     0      0      0      0      0      0      0      0      0      0      0      0      0      0      0      0      0      0      0 
     0      0      0      0      0      0      0      0      0      0      0      0      0      0      0      0      0      0      0 
0 -1 -1
    43     55     76    165    255    255    205     76    255    255    255     54    255    255    255     95     86    168     67 
  9347   7606   9034  12053   9648  18743  11776  10900  13456  30632  10621   8910  20287  14589  10923   9687  13007  12037  11458 
 17236  13361     86    163   9034  18743   7606   9648   9347  12053  30632  13456  10900  20287  13007  14589  12037  10923  11458   9687   8910  10621  11776  12677  26270      0      0  65535 
     0      0      0      0      0      0      0      0      0      0      0      0      0      0      0      0      0      0      0 
     0      0      0      0      0      0      0      0      0      0      0      0      0      0      0      0      0      0      0 
     0      0      0      0      0      0      0      0      0      0      0      0      0      0      0      0      0      0      0 
0 -1 -1
    45     57     79    170    255    255    212     77    255    255    255     57    255    255    255     99     88    172     69 
  9415   7656   9091  12146   9719  18959  11912  10963  13535  30951  10705   8968  20430  14729  10996   9761  13099  12124  11528 
 17236  13361     86    163   9091  18959   7656   9719   9415  12146  30951  13535  10963  20430  13099  14729  12124  10996  11528   9761   8968  10705  11912  12668  26271      0      0  65535 
     0      0      0      0      0      0      0      0      0      0      0      0      0      0      0      0      0      0      0 
     0      0      0      0      0      0      0      0      0      0      0      0      0      0      0      0      0      0      0 
     0      0      0      0      0      0      0      0      0      0      0      0      0      0      0      0      0      0      0 
0 -1 -1
    47     61     84    176    255    255    221     80    255    255    255     60    255    255    255    104     91    179     72 
  9502   7728   9198  12286   9821  19316  12093  11056  13665  31450  10837   9042  20658  14958  11118   9858  13233  12248  11642 
 17236  13361     86    163   9198  19316   7728   9821   9502  12286  31450  13665  11056  20658  13233  14958  12248  11118  11642   9858   9042  10837  12093  12686  26271      1      0  65535 
     0      0      0      0      0      0      0      0      0      0      0      0      0      0      0      0      0      0      0 
     0      0      0      0      0      0      0      0      0      0      0      0      0      0      0      0      0      0      0 
     0      0      0      0      0      0      0      0      0      0      0      0      0      0      0      0      0      0      0 
0 -1 -1
    49     63     88    182    255    255    226     83    255    255    255     61    255    255    255    108     94    184     74 
  9582   7791   9284  12409   9915  19629  12198  11143  13777  31831  10931   9086  20865  15113  11213   9926  13345  12353  11741 
 17236  13361     86    163   9284  19629   7791   9915   9582  12409  31831  13777  11143  20865  13345  15113  12353  11213  11741   9926   9086  10931  12198  12685  26270      0      0  65535 
     0      0      0      0      0      0      0      0      0      0      0      0      0      0      0      0      0      0      0 
     0      0      0      0      0      0      0      0      0      0      0      0      0      0      0      0      0      0      0 
     0      0      0      0      0      0      0      0      0      0      0      0      0      0      0      0      0      0      0 
0 -1 -1
    50     65     90    185    255    255    227     84    255    255    255     62    255    255    255    109     95    186     75 
  9617   7817   9329  12466   9957  19768  12210  11182  13830  31976  10961   9107  20963  15168  11251   9954  13394  12396  11772 
 17236  13361     86    163   9329  19768   7817   9957   9617  12466  31976  13830  11182  20963  13394  15168  12396  11251  11772   9954   9107  10961  12210  12675  26268      0      0  65535 
     0      0      0      0      0      0      0      0      0      0      0      0      0      0      0      0      0      0      0 
     0      0      0      0      0      0      0      0      0      0      0      0      0      0      0      0      0      0      0 
     0      0      0      0      0      0      0      0      0      0      0      0      0      0      0      0      0      0      0 
0 -1 -1
    46     60     83    175    255    255    204     79    255    255    255     55    255    255    255     99     89    174     68 
  9470   7708   9189  12259   9815  19311  11767  11007  13595  31200  10677   8933  20442  14758  11017   9758  13128  12154  11520 
 17236  13361     86    163   9189  19311   7708   9815   9470  12259  31200  13595  11007  20442  13128  14758  12154  11017  11520   9758   8933  10677  11767  12697  26268      0      0  65535 
     0      0      0      0      0      0      0      0      0      0      0      0      0      0      0      0      0      0      0 
     0      0      0      0      0      0      0      0      0      0      0      0      0      0      0      0      0      0      0 
     0      0      0      0      0      0      0      0      0      0      0      0      0      0      0      0      0      0      0 
0 -1 -1
    39     50     69    155    255    255    177     70    255    255    255     46    255    255    255     84     78    153     58 
  9193   7492   8870  11841   9506  18198  11221  10698  13154  29678  10288   8706  19502  14066  10631   9472  12663  11751  11133 
 17236  13361     86    165   8870  18198   7492   9506   9193  11841  29678  13154  10698  19502  12663  14066  11751  10631  11133   9472   8706  10288  11221  12691  26270      0      0  65535 
     0      0      0      0      0      0      0      0      0      0      0      0      0      0      0      0      0      0      0 
     0      0      0      0      0      0      0      0      0      0      0      0      0      0      0      0      0      0      0 
     0      0      0      0      0      0      0      0      0      0      0      0      0      0      0      0      0      0      0 
0 -1 -1
    37     47     65    150    255    255    170     67    255    255    255     45    255    255    255     82     77    150     57 
  9110   7436   8784  11730   9412  17926  11080  10613  13007  29414  10210   8666  19276  14003  10565   9429  12595  11680  11082 
 17236  13361     86    165   8784  17926   7436   9412   9110  11730  29414  13007  10613  19276  12595  14003  11680  10565  11082   9429   8666  10210  11080  12685  26270      0      0  65535 
     0      0      0      0      0      0      0      0      0      0      0      0      0      0      0      0      0      0      0 
     0      0      0      0      0      0      0      0      0      0      0      0      0      0      0      0      0      0      0 
     0      0      0      0      0      0      0      0      0      0      0      0      0      0      0      0      0      0      0 
0 -1 -1
    32     41     55    134    255    255    150     59    255    255    255     39    255    255    255     72     69    134     50 
  8908   7300   8586  11398   9165  17105  10680  10339  12588  28379   9901   8510  18414  13552  10270   9236  12250  11369  10818 
 17236  13361     86    165   8586  17105   7300   9165   8908  11398  28379  12588  10339  18414  12250  13552  11369  10270  10818   9236   8510   9901  10680  12684  26270      0      0  65535 
     0      0      0      0      0      0      0      0      0      0      0      0      0      0      0      0      0      0      0 
     0      0      0      0      0      0      0      0      0      0      0      0      0      0      0      0      0      0      0 
     0      0      0      0      0      0      0      0      0      0      0      0      0      0      0      0      0      0      0 
0 -1 -1
    19     25     31     86    214    255     85     36    191    255    214     22    255    255    169     40     43     82     29 
  8414   6945   8066  10383   8395  14042   9382   9578  11299  23896   8746   8072  15679  11589   9191   8626  11128  10356  10010 
 17236  13361     86    167   8066  14042   6945   8395   8414  10383  23896  11299   9578  15679  11128  11589  10356   9191  10010   8626   8072   8746   9382  12688  26269      0      0  65535 
     0      0      0      0      0      0      0      0      0      0      0      0      0      0      0      0      0      0      0 
     0      0      0      0      0      0      0      0      0      0      0      0      0      0      0      0      0      0      0 
     0      0      0      0      0      0      0      0      0      0      0      0      0      0      0      0      0      0      0 
0 -1 -1
     6      8      7     27     70    218     15     10     57    255     64      6    115     99     49     10     12     23      9 
  7929   6569   7555   9120   7350   8849   7995   8681   9520  14234   7170   7685  11087   8600   7808   8069   9778   9204   9243 
 17236  13361     86    170   7555   8849   6569   7350   7929   9120  14234   9520   8681  11087   9778   8600   9204   7808   9243   8069   7685   7170   7995  12684  26271      0      0  65535 
     0      0      0      0      0      0      0      0      0      0      0      0      0      0      0      0      0      0      0 
     0      0      0      0      0      0      0      0      0      0      0      0      0      0      0      0      0      0      0 
     0      0      0      0      0      0      0      0      0      0      0      0      0      0      0      0      0      0      0 
0 -1 -1
     1      1      1      4      5      5      0      0      4     28      5      1      3      3      5      1      1      2      1 
  7720   6414   7409   8632   6877   6496   7699   8360   8823   7833   6542   7534   8881   7662   7308   7892   9280   8794   8955 
 17236  13361     86    171   7409   6496   6414   6877   7720   8632   7833   8823   8360   8881   9280   7662   8794   7308   8955   7892   7534   6542   7699  12692  26272      0      0  65535 
     0      0      0      0      0      0      0      0      0      0      0      0      0      0      0      0      0      0      0 
     0      0      0      0      0      0      0      0      0      0      0      0      0      0      0      0      0      0      0 
     0      0      0      0      0      0      0      0      0      0      0      0      0      0      0      0      0      0      0 
0 -1 -1
     0      0      0      0      0      0      0      0      0      0      0      0      0      0      0      0      0      0      0 
  7669   6384   7383   8545   6831   6409   7683   8341   8757   7489   6482   7508   8807   7616   7239   7864   9211   8749   8902 
 17236  13361     86    171   7383   6409   6384   6831   7669   8545   7489   8757   8341   8807   9211   7616   8749   7239   8902   7864   7508   6482   7683  12695  26272      0      0  65535 
     0      0      0      0      0      0      0      0      0      0      0      0      0      0      0      0      0      0      0 
     0      0      0      0      0      0      0      0      0      0      0      0      0      0      0      0      0      0      0 
     0      0      0      0      0      0      0      0      0      0      0      0      0      0      0      0      0      0      0 
0 -1 -1
     0      0      0      0      0      0      0      0      0      0      0      0      0      0      0      0      0      0      0 
  7666   6381   7381   8540   6828   6407   7681   8340   8752   7479   6480   7509   8807   7615   7236   7864   9220   8745   8900 
 17236  13361     86    171   7381   6407   6381   6828   7666   8540   7479   8752   8340   8807   9220   7615   8745   7236   8900   7864   7509   6480   7681  12693  26273      0      0  65535 
     0      0      0      0      0      0      0      0      0      0      0      0      0      0      0      0      0      0      0 
     0      0      0      0      0      0      0      0      0      0      0      0      0      0      0      0      0      0      0 
     0      0      0      0      0      0      0      0      0      0      0      0      0      0      0      0      0      0      0 
0 -1 -1
     0      0      0      0      0      0      0      0      0      0      0      0      0      0      0      0      0      0      0 
  7667   6380   7382   8538   6826   6406   7680   8339   8752   7476   6476   7507   8806   7612   7232   7861   9222   8743   8900 
 17236  13361     86    171   7382   6406   6380   6826   7667   8538   7476   8752   8339   8806   9222   7612   8743   7232   8900   7861   7507   6476   7680  12686  26273      0      0  65535 
     0      0      0      0      0      0      0      0      0      0      0      0      0      0      0      0      0      0      0 
     0      0      0      0      0      0      0      0      0      0      0      0      0      0      0      0      0      0      0 
     0      0      0      0      0      0      0      0      0      0      0      0      0      0      0      0      0      0      0 
0 -1 -1
     0      0      0      0      0      0      0      0      0      0      0      0      0      0      0      0      0      0      0 
  7666   6380   7380   8538   6826   6406   7681   8336   8749   7474   6477   7506   8804   7612   7232   7863   9220   8742   8899 
 17236  13361     86    171   7380   6406   6380   6826   7666   8538   7474   8749   8336   8804   9220   7612   8742   7232   8899   7863   7506   6477   7681  12679  26272      0      0  65535 
     0      0      0      0      0      0      0      0      0      0      0      0      0      0      0      0      0      0      0 
     0      0      0      0      0      0      0      0      0      0      0      0      0      0      0      0      0      0      0 
     0      0      0      0      0      0      0      0      0      0      0      0      0      0      0      0      0      0      0 
0 -1 -1
     0      0      0      0      0      0      0      0      0      0      0      0      0      0      0      0      0      0      0 
  7675   6380   7379   8543   6827   6409   7683   8341   8755   7476   6483   7511   8810   7615   7246   7867   9248   8753   8909 
 17236  13361     86    171   7379   6409   6380   6827   7675   8543   7476   8755   8341   8810   9248   7615   8753   7246   8909   7867   7511   6483   7683  12683  26271      0      0  65535 
     0      0      0      0      0      0      0      0      0      0      0      0      0      0      0      0      0      0      0 
     0      0      0      0      0      0      0      0      0      0      0      0      0      0      0      0      0      0      0 
     0      0      0      0      0      0      0      0      0      0      0      0      0      0      0      0      0      0      0 
0 -1 -1
     8      5      3     11     26     28     62      7     67    155     48      5     26     41     25      7      9     13      6 
  7970   6506   7457   8790   7032   6750   8942   8592   9658   9364   6999   7641   9336   8034   7540   8008   9614   9016   9147 
 17236  13361     86    170   7457   6750   6506   7032   7970   8790   9364   9658   8592   9336   9614   8034   9016   7540   9147   8008   7641   6999   8942  12686  26271      0      0  65535 
     0      0      0      0      0      0      0      0      0      0      0      0      0      0      0      0      0      0      0 
     0      0      0      0      0      0      0      0      0      0      0      0      0      0      0      0      0      0      0 
     0      0      0      0      0      0      0      0      0      0      0      0      0      0      0      0      0      0      0 
0 -1 -1
    19     16     11     32     92    107    197     17    216    255    118     11     84     99     61     16     20     31     14 
  8429   6750   7627   9220   7512   7623  11621   8936  11637  13727   7733   7804  10476   8602   7953   8183  10096   9371   9443 
 17236  13361     86    165   7627   7623   6750   7512   8429   9220  13727  11637   8936  10476  10096   8602   9371   7953   9443   8183   7804   7733  11621  12687  26271      0      0  65535 
     0      0      0      0      0      0      0      0      0      0      0      0      0      0      0      0      0      0      0 
     0      0      0      0      0      0      0      0      0      0      0      0      0      0      0      0      0      0      0 
     0      0      0      0      0      0      0      0      0      0      0      0      0      0      0      0      0      0      0 
0 -1 -1
    32     27     16     56    156    182    255     29    255    255    226     21    175    182    119     31     35     58     25 
  8918   6979   7747   9748   7976   8449  15091   9347  13704  18888   8876   8048  12254   9407   8607   8458  10743   9889   9851 
 17236  13361     86    159   7747   8449   6979   7976   8918   9748  18888  13704   9347  12254  10743   9407   9889   8607   9851   8458   8048   8876  15091  12686  26273      0      0  65535 
     0      0      0      0      0      0      0      0      0      0      0      0      0      0      0      0      0      0      0 
     0      0      0      0      0      0      0      0      0      0      0      0      0      0      0      0      0      0      0 
     0      0      0      0      0      0      0      0      0      0      0      0      0      0      0      0      0      0      0 
0 -1 -1
    43     35     22     83    218    255    255     41    255    255    255     28    255    251    169     44     48     82     33 
  9353   7170   7861  10305   8425   9428  16565   9720  15074  22829   9633   8225  13941  10092   9185   8716  11323  10367  10161 
 17236  13361     86    155   7861   9428   7170   8425   9353  10305  22829  15074   9720  13941  11323  10092  10367   9185  10161   8716   8225   9633  16565  12679  26271      0      0  65535 
     0      0      0      0      0      0      0      0      0      0      0      0      0      0      0      0      0      0      0 
     0      0      0      0      0      0      0      0      0      0      0      0      0      0      0      0      0      0      0 
     0      0      0      0      0      0      0      0      0      0      0      0      0      0      0      0      0      0      0 
0 -1 -1
    52     43     27    104    255    255    255     50    255    255    255     36    255    255    209     57     59    106     41 
  9695   7332   7978  10747   8773  10219  17738  10040  15910  25219  10270   8437  15240  10653   9647   8966  11804  10827  10488 
 17236  13361     86    154   7978  10219   7332   8773   9695  10747  25219  15910  10040  15240  11804  10653  10827   9647  10488   8966   8437  10270  17738  12677  26269      0      0  65535 
     0      0      0      0      0      0      0      0      0      0      0      0      0      0      0      0      0      0      0 
     0      0      0      0      0      0      0      0      0      0      0      0      0      0      0      0      0      0      0 
     0      0      0      0      0      0      0      0      0      0      0      0      0      0      0      0      0      0      0 
0 -1 -1
    60     49     33    122    255    255    255     58    255    255    255     42    255    255    243     68     69    127     48 
  9998   7473   8104  11143   9090  11028  18495  10306  16556  27265  10749   8601  16401  11173  10031   9174  12234  11239  10759 
 17236  13361     86    152   8104  11028   7473   9090   9998  11143  27265  16556  10306  16401  12234  11173  11239  10031  10759   9174   8601  10749  18495  12678  26269      0      0  65535 
     0      0      0      0      0      0      0      0      0      0      0      0      0      0      0      0      0      0      0 
     0      0      0      0      0      0      0      0      0      0      0      0      0      0      0      0      0      0      0 
     0      0      0      0      0      0      0      0      0      0      0      0      0      0      0      0      0      0      0 
0 -1 -1
    67     54     38    136    255    255    255     64    255    255    255     48    255    255    255     78     75    142     54 
 10246   7591   8213  11427   9323  11650  19151  10517  16995  28613  11102   8749  17205  11568  10327   9350  12538  11538  10976 
 17236  13361     86    151   8213  11650   7591   9323  10246  11427  28613  16995  10517  17205  12538  11568  11538  10327  10976   9350   8749  11102  19151  12679  26270      0      0  65535 
     0      0      0      0      0      0      0      0      0      0      0      0      0      0      0      0      0      0      0 
     0      0      0      0      0      0      0      0      0      0      0      0      0      0      0      0      0      0      0 
     0      0      0      0      0      0      0      0      0      0      0      0      0      0      0      0      0      0      0 
0 -1 -1
    73     60     44    149    255    255    255     70    255    255    255     54    255    255    255     87     82    156     60 
 10500   7724   8336  11708   9535  12156  19811  10710  17414  29749  11436   8905  17899  11910  10606   9518  12815  11815  11195 
 17236  13361     86    149   8336  12156   7724   9535  10500  11708  29749  17414  10710  17899  12815  11910  11815  10606  11195   9518   8905  11436  19811  12656  26270      0      0  65535 
     0      0      0      0      0      0      0      0      0      0      0      0      0      0      0      0      0      0      0 
     0      0      0      0      0      0      0      0      0      0      0      0      0      0      0      0      0      0      0 
     0      0      0      0      0      0      0      0      0      0      0      0      0      0      0      0      0      0      0 
0 -1 -1
    78     65     48    158    255    255    255     74    255    255    255     59    255    255    255     94     87    168     65 
 10680   7832   8431  11905   9686  12509  20316  10854  17690  30525  11705   9027  18421  12160  10819   9665  13030  12038  11371 
 17236  13361     86    149   8431  12509   7832   9686  10680  11905  30525  17690  10854  18421  13030  12160  12038  10819  11371   9665   9027  11705  20316  12685  26271      0      0  65535 
     0      0      0      0      0      0      0      0      0      0      0      0      0      0      0      0      0      0      0 
     0      0      0      0      0      0      0      0      0      0      0      0      0      0      0      0      0      0      0 
     0      0      0      0      0      0      0      0      0      0      0      0      0      0      0      0      0      0      0 
0 -1 -1
    81     68     51    165    255    255    255     77    255    255    255     62    255    255    255    100     90    176     68 
 10793   7897   8496  12041   9802  12836  20564  10953  17815  31137  11881   9102  18858  12355  10994   9780  13190  12196  11497 
 17236  13361     86    148   8496  12836   7897   9802  10793  12041  31137  17815  10953  18858  13190  12355  12196  10994  11497   9780   9102  11881  20564  12689  26272      0      0  65535 
     0      0      0      0      0      0      0      0      0      0      0      0      0      0      0      0      0      0      0 
     0      0      0      0      0      0      0      0      0      0      0      0      0      0      0      0      0      0      0 
     0      0      0      0      0      0      0      0      0      0      0      0      0      0      0      0      0      0      0 
0 -1 -1
    85     73     55    173    255    255    255     82    255    255    255     66    255    255    255    107     95    184     72 
 10957   7997   8579  12213   9932  13116  21017  11100  18036  31750  12084   9219  19296  12559  11172   9912  13393  12360  11657 
 17236  13361     86    148   8579  13116   7997   9932  10957  12213  31750  18036  11100  19296  13393  12559  12360  11172  11657   9912   9219  12084  21017  12687  26272      0      0  65535 
     0      0      0      0      0      0      0      0      0      0      0      0      0      0      0      0      0      0      0 
     0      0      0      0      0      0      0      0      0      0      0      0      0      0      0      0      0      0      0 
     0      0      0      0      0      0      0      0      0      0      0      0      0      0      0      0      0      0      0 
0 -1 -1
    87     75     57    177    255    255    255     83    255    255    255     68    255    255    255    110     96    188     74 
 11035   8053   8627  12299  10002  13261  21155  11163  18138  32009  12144   9263  19450  12632  11236   9962  13449  12431  11714 
 17236  13361     86    147   8627  13261   8053  10002  11035  12299  32009  18138  11163  19450  13449  12632  12431  11236  11714   9962   9263  12144  21155  12676  26271      0      0  65535 
     0      0      0      0      0      0      0      0      0      0      0      0      0      0      0      0      0      0      0 
     0      0      0      0      0      0      0      0      0      0      0      0      0      0      0      0      0      0      0 
     0      0      0      0      0      0      0      0      0      0      0      0      0      0      0      0      0      0      0 
0 -1 -1
    84     73     55    172    255    255    255     80    255    255    255     64    255    255    255    103     93    179     69 
 10934   8000   8586  12189   9923  13132  20528  11062  17911  31561  11890   9149  19097  12448  11077   9832  13292  12263  11557 
 17236  13361     86    148   8586  13132   8000   9923  10934  12189  31561  17911  11062  19097  13292  12448  12263  11077  11557   9832   9149  11890  20528  12685  26271      0      0  65535 
     0      0      0      0      0      0      0      0      0      0      0      0      0      0      0      0      0      0      0 
     0      0      0      0      0      0      0      0      0      0      0      0      0      0      0      0      0      0      0 
     0      0      0      0      0      0      0      0      0      0      0      0      0      0      0      0      0      0      0 
0 -1 -1
    63     52     38    130    255    255    255     59    255    255    255     41    255    255    249     68     70    128     48 
 10122   7537   8207  11304   9212  11723  17356  10328  16181  28164  10551   8573  16851  11250  10103   9159  12287  11253  10727 
 17236  13361     86    152   8207  11723   7537   9212  10122  11304  28164  16181  10328  16851  12287  11250  11253  10103  10727   9159   8573  10551  17356  12690  26271      0      0  65535 
     0      0      0      0      0      0      0      0      0      0      0      0      0      0      0      0      0      0      0 
     0      0      0      0      0      0      0      0      0      0      0      0      0      0      0      0      0      0      0 
     0      0      0      0      0      0      0      0      0      0      0      0      0      0      0      0      0      0      0 
0 -1 -1
    27     21     13     52    133    189    198     25    255    255    156     14    185    137     96     23     32     48     19 
  8708   6847   7668   9650   7805   8524  11636   9199  12242  18568   8140   7877  12451   8968   8344   8312  10618   9697   9655 
 17236  13361     86    161   7668   8524   6847   7805   8708   9650  18568  12242   9199  12451  10618   8968   9697   8344   9655   8312   7877   8140  11636  12690  26271      0      0  65535 
     0      0      0      0      0      0      0      0      0      0      0      0      0      0      0      0      0      0      0 
     0      0      0      0      0      0      0      0      0      0      0      0      0      0      0      0      0      0      0 
     0      0      0      0      0      0      0      0      0      0      0      0      0      0      0      0      0      0      0 
0 -1 -1
     2      1      0      3      5      7      1      2      8     49      5      1      5      6      5      1      3      3      2 
  7771   6426   7405   8611   6877   6513   7709   8418   8873   8086   6542   7536   8930   7687   7302   7889   9377   8813   8986 
 17236  13361     86    171   7405   6513   6426   6877   7771   8611   8086   8873   8418   8930   9377   7687   8813   7302   8986   7889   7536   6542   7709  12687  26271      0      0  65535 
     0      0      0      0      0      0      0      0      0      0      0      0      0      0      0      0      0      0      0 
     0      0      0      0      0      0      0      0      0      0      0      0      0      0      0      0      0      0      0 
     0      0      0      0      0      0      0      0      0      0      0      0      0      0      0      0      0      0      0 
0 -1 -1
     0      0      0      0      0      0      0      0      0      0      0      0      0      0      0      0      0      0      0 
  7662   6376   7376   8535   6823   6411   7669   8334   8748   7479   6472   7502   8810   7614   7232   7858   9230   8743   8897 
 17236  13361     86    171   7376   6411   6376   6823   7662   8535   7479   8748   8334   8810   9230   7614   8743   7232   8897   7858   7502   6472   7669  12694  26271      0      0  65535 
     0      0      0      0      0      0      0      0      0      0      0      0      0      0      0      0      0      0      0 
     0      0      0      0      0      0      0      0      0      0      0      0      0      0      0      0      0      0      0 
     0      0      0      0      0      0      0      0      0      0      0      0      0      0      0      0      0      0      0 
0 -1 -1
     0      0      0      0      0      0      0      0      0      0      0      0      0      0      0      0      0      0      0 
  7661   6375   7375   8534   6821   6409   7666   8333   8743   7469   6471   7500   8805   7610   7227   7857   9216   8739   8895 
 17236  13361     86    171   7375   6409   6375   6821   7661   8534   7469   8743   8333   8805   9216   7610   8739   7227   8895   7857   7500   6471   7666  12682  26271      0      0  65535 
     0      0      0      0      0      0      0      0      0      0      0      0      0      0      0      0      0      0      0 
     0      0      0      0      0      0      0      0      0      0      0      0      0      0      0      0      0      0      0 
     0      0      0      0      0      0      0      0      0      0      0      0      0      0      0      0      0      0      0 
0 -1 -1
     0      0      0      0      0      0      0      0      0      0      0      0      0      0      0      0      0      0      0 
  7659   6375   7373   8531   6819   6407   7665   8331   8741   7464   6469   7500   8804   7608   7226   7856   9215   8737   8894 
 17236  13361     86    171   7373   6407   6375   6819   7659   8531   7464   8741   8331   8804   9215   7608   8737   7226   8894   7856   7500   6469   7665  12682  26271      0      0  65535 
     0      0      0      0      0      0      0      0      0      0      0      0      0      0      0      0      0      0      0 
     0      0      0      0      0      0      0      0      0      0      0      0      0      0      0      0      0      0      0 
     0      0      0      0      0      0      0      0      0      0      0      0      0      0      0      0      0      0      0 
0 -1 -1
     1      0      0      0      0      0      5      2      3      3    111      4      2      5      7      1      2      3      1 
  7706   6394   7385   8552   6833   6421   7800   8408   8808   7535   7663   7621   8879   7679   7323   7900   9326   8804   8966 
 17236  13361     86    171   7385   6421   6394   6833   7706   8552   7535   8808   8408   8879   9326   7679   8804   7323   8966   7900   7621   7663   7800  12688  26274      0      0  65535 
     0      0      0      0      0      0      0      0      0      0      0      0      0      0      0      0      0      0      0 
     0      0      0      0      0      0      0      0      0      0      0      0      0      0      0      0      0      0      0 
     0      0      0      0      0      0      0      0      0      0      0      0      0      0      0      0      0      0      0 
0 -1 -1
    17     18      8     31     94     61     21     32    255    255    255     23     34     53     49     10     17     18      8 
  8322   6799   7576   9206   7525   7109   8117   9447  12686  13505  11045   8097   9497   8151   7810   8064   9977   9106   9212 
 17236  13361     86    170   7576   7109   6799   7525   8322   9206  13505  12686   9447   9497   9977   8151   9106   7810   9212   8064   8097  11045   8117  12690  26272      0      0  65535 
     0      0      0      0      0      0      0      0      0      0      0      0      0      0      0      0      0      0      0 
     0      0      0      0      0      0      0      0      0      0      0      0      0      0      0      0      0      0      0 
     0      0      0      0      0      0      0      0      0      0      0      0      0      0      0      0      0      0      0 
0 -1 -1
    18     20     10     35    106     69     32     40    255    255    255     37     44     70     70     15     22     25     11 
  8358   6828   7601   9292   7610   7202   8340   9701  13526  14747  12507   8470   9700   8313   8046   8159  10192   9250   9343 
 17236  13361     86    170   7601   7202   6828   7610   8358   9292  14747  13526   9701   9700  10192   8313   9250   8046   9343   8159   8470  12507   8340  12656  26272      0      0  65535 
     0      0      0      0      0      0      0      0      0      0      0      0      0      0      0      0      0      0      0 
     0      0      0      0      0      0      0      0      0      0      0      0      0      0      0      0      0      0      0 
     0      0      0      0      0      0      0      0      0      0      0      0      0      0      0      0      0      0      0 
0 -1 -1
    31     35     16     62    176    111     67     73    255    255    255     80     80    123    124     29     36     45     20 
  8891   7162   7729   9869   8120   7666   9029  10811  16601  19131  15566   9558  10391   8834   8671   8418  10810   9645   9689 
 17236  13361     86    169   7729   7666   7162   8120   8891   9869  19131  16601  10811  10391  10810   8834   9645   8671   9689   8418   9558  15566   9029  12683  26271      0      0  65535 
     0      0      0      0      0      0      0      0      0      0      0      0      0      0      0      0      0      0      0 
     0      0      0      0      0      0      0      0      0      0      0      0      0      0      0      0      0      0      0 
     0      0      0      0      0      0      0      0      0      0      0      0      0      0      0      0      0      0      0 
0 -1 -1
    51     57     25     95    255    172    107    109    255    255    255    108    121    188    192     44     53     70     30 
  9659   7642   7935  10561   8807   8338   9833  12019  19932  24259  17692  10289  11192   9469   9455   8702  11556  10118  10039 
 17236  13361     86    167   7935   8338   7642   8807   9659  10561  24259  19932  12019  11192  11556   9469  10118   9455  10039   8702  10289  17692   9833  12694  26270      0      0  65535 
     0      0      0      0      0      0      0      0      0      0      0      0      0      0      0      0      0      0      0 
     0      0      0      0      0      0      0      0      0      0      0      0      0      0      0      0      0      0      0 
     0      0      0      0      0      0      0      0      0      0      0      0      0      0      0      0      0      0      0 
0 -1 -1
    58     65     29    105    255    198    135    121    255    255    255    115    139    220    227     53     60     83     35 
  9923   7826   8014  10786   9098   8621  10387  12420  21125  26096  18470  10461  11543   9782   9854   8883  11872  10378  10253 
 17236  13361     86    166   8014   8621   7826   9098   9923  10786  26096  21125  12420  11543  11872   9782  10378   9854  10253   8883  10461  18470  10387  12690  26271      0      0  65535 
     0      0      0      0      0      0      0      0      0      0      0      0      0      0      0      0      0      0      0 
     0      0      0      0      0      0      0      0      0      0      0      0      0      0      0      0      0      0      0 
     0      0      0      0      0      0      0      0      0      0      0      0      0      0      0      0      0      0      0 
0 -1 -1
    75     85     41    132    255    252    180    151    255    255    255    137    180    255    255     74     77    111     47 
 10576   8269   8274  11342   9718   9222  11280  13446  23344  29196  20087  11021  12346  10338  10569   9276  12589  10918  10702 
 17236  13361     86    164   8274   9222   8269   9718  10576  11342  29196  23344  13446  12346  12589  10338  10918  10569  10702   9276  11021  20087  11280  12689  26271      0      0  65535 
     0      0      0      0      0      0      0      0      0      0      0      0      0      0      0      0      0      0      0 
     0      0      0      0      0      0      0      0      0      0      0      0      0      0      0      0      0      0      0 
     0      0      0      0      0      0      0      0      0      0      0      0      0      0      0      0      0      0      0 
0 -1 -1
    86     98     50    148    255    255    205    170    255    255    255    150    204    255    255     87     87    128     55 
 10983   8555   8462  11696  10098   9584  11781  14069  24566  30862  20956  11362  12820  10673  10979   9532  13032  11255  10992 
 17236  13361     86    164   8462   9584   8555  10098  10983  11696  30862  24566  14069  12820  13032  10673  11255  10979  10992   9532  11362  20956  11781  12691  26271      0      0  65535 
     0      0      0      0      0      0      0      0      0      0      0      0      0      0      0      0      0      0      0 
     0      0      0      0      0      0      0      0      0      0      0      0      0      0      0      0      0      0      0 
     0      0      0      0      0      0      0      0      0      0      0      0      0      0      0      0      0      0      0 
0 -1 -1
    96    113     59    164    255    255    232    187    255    255    255    164    227    255    255     99     97    145     62 
 11386   8884   8655  12021  10454   9947  12310  14657  25618  32221  21745  11707  13272  11012  11384   9763  13459  11584  11289 
 17236  13361     86    163   8655   9947   8884  10454  11386  12021  32221  25618  14657  13272  13459  11012  11584  11384  11289   9763  11707  21745  12310  12679  26272      0      0  65535 
     0      0      0      0      0      0      0      0      0      0      0      0      0      0      0      0      0      0      0 
     0      0      0      0      0      0      0      0      0      0      0      0      0      0      0      0      0      0      0 
     0      0      0      0      0      0      0      0      0      0      0      0      0      0      0      0      0      0      0 
0 -1 -1
   107    129     69    181    255    255    255    204    255    255    255    177    251    255    255    114    107    163     71 
 11816   9230   8885  12378  10814  10318  12887  15237  26611  32766  22504  12035  13746  11374  11815  10041  13907  11949  11612 
 17236  13361     86    162   8885  10318   9230  10814  11816  12378  32766  26611  15237  13746  13907  11374  11949  11815  11612  10041  12035  22504  12887  12670  26272      0      0  65535 
     0      0      0      0      0      0      0      0      0      0      0      0      0      0      0      0      0      0      0 
     0      0      0      0      0      0      0      0      0      0      0      0      0      0      0      0      0      0      0 
     0      0      0      0      0      0      0      0      0      0      0      0      0      0      0      0      0      0      0 
0 -1 -1
   114    139     76    190    255    255    255    215    255    255    255    184    255    255    255    124    113    175     77 
 12082   9455   9036  12585  11052  10563  13284  15584  27232  32766  22993  12223  14044  11604  12085  10228  14189  12181  11831 
 17236  13361     86    161   9036  10563   9455  11052  12082  12585  32766  27232  15584  14044  14189  11604  12181  12085  11831  10228  12223  22993  13284  12684  26270      0      0  65535 
     0      0      0      0      0      0      0      0      0      0      0      0      0      0      0      0      0      0      0 
     0      0      0      0      0      0      0      0      0      0      0      0      0      0      0      0      0      0      0 
     0      0      0      0      0      0      0      0      0      0      0      0      0      0      0      0      0      0      0 
0 -1 -1
   118    146     81    197    255    255    255    221    255    255    255    187    255    255    255    130    117    183     80 
 12243   9612   9142  12721  11222  10738  13550  15798  27635  32766  23254  12293  14239  11744  12243  10347  14374  12336  11978 
 17236  13361     86    161   9142  10738   9612  11222  12243  12721  32766  27635  15798  14239  14374  11744  12336  12243  11978  10347  12293  23254  13550  12689  26270      0      0  65535 
     0      0      0      0      0      0      0      0      0      0      0      0      0      0      0      0      0      0      0 
     0      0      0      0      0      0      0      0      0      0      0      0      0      0      0      0      0      0      0 
     0      0      0      0      0      0      0      0      0      0      0      0      0      0      0      0      0      0      0 
0 -1 -1
   122    152     86    203    255    255    255    227    255    255    255    190    255    255    255    136    121    190     84 
 12398   9743   9241  12846  11360  10872  13787  15999  27969  32766  23480  12387  14409  11877  12414  10461  14539  12480  12121 
 17236  13361     86    160   9241  10872   9743  11360  12398  12846  32766  27969  15999  14409  14539  11877  12480  12414  12121  10461  12387  23480  13787  12691  26270      0      0  65535 
     0      0      0      0      0      0      0      0      0      0      0      0      0      0      0      0      0      0      0 
     0      0      0      0      0      0      0      0      0      0      0      0      0      0      0      0      0      0      0 
     0      0      0      0      0      0      0      0      0      0      0      0      0      0      0      0      0      0      0 
0 -1 -1
   125    157     89    207    255    255    255    231    255    255    255    195    255    255    255    141    124    196     87 
 12509   9840   9314  12933  11454  10966  13971  16138  28192  32766  23664  12492  14526  11970  12541  10551  14659  12595  12224 
 17236  13361     86    160   9314  10966   9840  11454  12509  12933  32766  28192  16138  14526  14659  11970  12595  12541  12224  10551  12492  23664  13971  12694  26270      0      0  65535 
     0      0      0      0      0      0      0      0      0      0      0      0      0      0      0      0      0      0      0 
     0      0      0      0      0      0      0      0      0      0      0      0      0      0      0      0      0      0      0 
     0      0      0      0      0      0      0      0      0      0      0      0      0      0      0      0      0      0      0 
0 -1 -1
   128    160     92    210    255    255    255    234    255    255    255    195    255    255    255    143    126    200     88 
 12600   9912   9370  13001  11534  11052  14091  16225  28351  32766  23703  12497  14611  12035  12620  10594  14732  12667  12280 
 17236  13361     86    160   9370  11052   9912  11534  12600  13001  32766  28351  16225  14611  14732  12035  12667  12620  12280  10594  12497  23703  14091  12700  26271      0      0  65535 
     0      0      0      0      0      0      0      0      0      0      0      0      0      0      0      0      0      0      0 
     0      0      0      0      0      0      0      0      0      0      0      0      0      0      0      0      0      0      0 
     0      0      0      0      0      0      0      0      0      0      0      0      0      0      0      0      0      0      0 
0 -1 -1
   128    160     92    210    255    255    255    234    255    255    255    194    255    255    255    143    126    200     89 
 12608   9923   9384  13003  11542  11064  14113  16217  28315  32766  23634  12471  14623  12044  12630  10599  14735  12659  12289 
 17236  13361     86    160   9384  11064   9923  11542  12608  13003  32766  28315  16217  14623  14735  12044  12659  12630  12289  10599  12471  23634  14113  12710  26274      0      0  65535 
     0      0      0      0      0      0      0      0      0      0      0      0      0      0      0      0      0      0      0 
     0      0      0      0      0      0      0      0      0      0      0      0      0      0      0      0      0      0      0 
     0      0      0      0      0      0      0      0      0      0      0      0      0      0      0      0      0      0      0 
0 -1 -1
   127    160     92    209    255    255    255    232    255    255    255    192    255    255    255    143    125    199     88 
 12585   9910   9380  12982  11519  11049  14089  16164  28214  32766  23517  12428  14597  12022  12605  10583  14710  12644  12275 
 17236  13361     86    160   9380  11049   9910  11519  12585  12982  32766  28214  16164  14597  14710  12022  12644  12605  12275  10583  12428  23517  14089  12686  26273      0      0  65535 
     0      0      0      0      0      0      0      0      0      0      0      0      0      0      0      0      0      0      0 
     0      0      0      0      0      0      0      0      0      0      0      0      0      0      0      0      0      0      0 
     0      0      0      0      0      0      0      0      0      0      0      0      0      0      0      0      0      0      0 
0 -1 -1
   126    158     91    207    255    255    255    229    255    255    255    190    255    255    255    141    124    197     88 
 12539   9880   9362  12939  11474  11015  14048  16059  28065  32766  23376  12381  14549  11989  12558  10559  14666  12614  12252 
 17236  13361     86    160   9362  11015   9880  11474  12539  12939  32766  28065  16059  14549  14666  11989  12614  12558  12252  10559  12381  23376  14048  12686  26271      0      0  65535 
     0      0      0      0      0      0      0      0      0      0      0      0      0      0      0      0      0      0      0 
     0      0      0      0      0      0      0      0      0      0      0      0      0      0      0      0      0      0      0 
     0      0      0      0      0      0      0      0      0      0      0      0      0      0      0      0      0      0      0 
0 -1 -1
   125    157     91    206    255    255    255    227    255    255    255    188    255    255    255    140    123    195     87 
 12498   9852   9345  12905  11439  10982  14001  15983  27936  32766  23243  12333  14487  11955  12521  10534  14619  12578  12222 
 17236  13361     86    160   9345  10982   9852  11439  12498  12905  32766  27936  15983  14487  14619  11955  12578  12521  12222  10534  12333  23243  14001  12689  26271      0      0  65535 
     0      0      0      0      0      0      0      0      0      0      0      0      0      0      0      0      0      0      0 
     0      0      0      0      0      0      0      0      0      0      0      0      0      0      0      0      0      0      0 
     0      0      0      0      0      0      0      0      0      0      0      0      0      0      0      0      0      0      0 
0 -1 -1
   123    154     89    202    255    255    255    222    255    255    255    184    255    255    255    137    121    191     85 
 12408   9785   9301  12827  11367  10914  13911  15824  27688  32766  23004  12221  14387  11880  12434  10474  14516  12497  12151 
 17236  13361     86    160   9301  10914   9785  11367  12408  12827  32766  27688  15824  14387  14516  11880  12497  12434  12151  10474  12221  23004  13911  12689  26271      0      0  65535 
     0      0      0      0      0      0      0      0      0      0      0      0      0      0      0      0      0      0      0 
     0      0      0      0      0      0      0      0      0      0      0      0      0      0      0      0      0      0      0 
     0      0      0      0      0      0      0      0      0      0      0      0      0      0      0      0      0      0      0 
0 -1 -1
   121    152     87    199    255    255    255    218    255    255    255    180    255    255    255    134    119    188     83 
 12338   9728   9263  12768  11308  10858  13830  15709  27495  32766  22802  12120  14312  11819  12363  10421  14431  12428  12087 
 17236  13361     86    160   9263  10858   9728  11308  12338  12768  32766  27495  15709  14312  14431  11819  12428  12363  12087  10421  12120  22802  13830  12689  26273      0      0  65535 
     0      0      0      0      0      0      0      0      0      0      0      0      0      0      0      0      0      0      0 
     0      0      0      0      0      0      0      0      0      0      0      0      0      0      0      0      0      0      0 
     0      0      0      0      0      0      0      0      0      0      0      0      0      0      0      0      0      0      0 
0 -1 -1
   119    149     85    196    255    255    255    215    255    255    255    177    255    255    255    132    117    185     82 
 12272   9674   9229  12712  11255  10807  13764  15602  27320  32766  22652  12043  14244  11766  12302  10381  14358  12370  12035 
 17236  13361     86    160   9229  10807   9674  11255  12272  12712  32766  27320  15602  14244  14358  11766  12370  12302  12035  10381  12043  22652  13764  12686  26271      0      0  65535 
     0      0      0      0      0      0      0      0      0      0      0      0      0      0      0      0      0      0      0 
     0      0      0      0      0      0      0      0      0      0      0      0      0      0      0      0      0      0      0 
     0      0      0      0      0      0      0      0      0      0      0      0      0      0      0      0      0      0      0 
0 -1 -1
   117    147     84    193    255    255    255    212    255    255    255    173    255    255    255    130    115    182     81 
 12203   9621   9194  12650  11199  10758  13701  15481  27145  32766  22476  11947  14176  11713  12241  10336  14283  12313  11984 
 17236  13361     86    160   9194  10758   9621  11199  12203  12650  32766  27145  15481  14176  14283  11713  12313  12241  11984  10336  11947  22476  13701  12688  26269      0      0  65535 
     0      0      0      0      0      0      0      0      0      0      0      0      0      0      0      0      0      0      0 
     0      0      0      0      0      0      0      0      0      0      0      0      0      0      0      0      0      0      0 
     0      0      0      0      0      0      0      0      0      0      0      0      0      0      0      0      0      0      0 
0 -1 -1
   114    142     80    188    255    255    255    206    255    255    255    167    255    255    255    126    113    177     78 
 12079   9520   9125  12544  11106  10669  13596  15286  26866  32766  22220  11791  14074  11632  12147  10265  14165  12220  11900 
 17236  13361     86    160   9125  10669   9520  11106  12079  12544  32766  26866  15286  14074  14165  11632  12220  12147  11900  10265  11791  22220  13596  12692  26270      0      0  65535 
     0      0      0      0      0      0      0      0      0      0      0      0      0      0      0      0      0      0      0 
     0      0      0      0      0      0      0      0      0      0      0      0      0      0      0      0      0      0      0 
     0      0      0      0      0      0      0      0      0      0      0      0      0      0      0      0      0      0      0 
0 -1 -1
   113    141     80    187    255    255    255    204    255    255    255    166    255    255    255    125    112    176     78 
 12040   9492   9108  12512  11074  10640  13544  15232  26772  32766  22144  11755  14045  11609  12119  10247  14136  12197  11879 
 17236  13361     86    161   9108  10640   9492  11074  12040  12512  32766  26772  15232  14045  14136  11609  12197  12119  11879  10247  11755  22144  13544  12687  26272      0      0  65535 
     0      0      0      0      0      0      0      0      0      0      0      0      0      0      0      0      0      0      0 
     0      0      0      0      0      0      0      0      0      0      0      0      0      0      0      0      0      0      0 
     0      0      0      0      0      0      0      0      0      0      0      0      0      0      0      0      0      0      0 
0 -1 -1
   112    139     78    185    255    255    255    202    255    255    255    163    255    255    255    123    111    174     77 
 11980   9441   9074  12466  11024  10586  13456  15157  26621  32766  22002  11674  13996  11566  12065  10205  14087  12153  11832 
 17236  13361     86    161   9074  10586   9441  11024  11980  12466  32766  26621  15157  13996  14087  11566  12153  12065  11832  10205  11674  22002  13456  12693  26271      0      0  65535 
     0      0      0      0      0      0      0      0      0      0      0      0      0      0      0      0      0      0      0 
     0      0      0      0      0      0      0      0      0      0      0      0      0      0      0      0      0      0      0 
     0      0      0      0      0      0      0      0      0      0      0      0      0      0      0      0      0      0      0 
0 -1 -1
   110    136     76    182    255    255    255    199    255    255    255    158    255    255    255    120    109    171     75 
 11913   9382   9033  12411  10968  10530  13363  15065  26444  32766  21812  11560  13933  11512  11997  10151  14016  12093  11772 
 17236  13361     86    161   9033  10530   9382  10968  11913  12411  32766  26444  15065  13933  14016  11512  12093  11997  11772  10151  11560  21812  13363  12688  26270      0      0  65535 
     0      0      0      0      0      0      0      0      0      0      0      0      0      0      0      0      0      0      0 
     0      0      0      0      0      0      0      0      0      0      0      0      0      0      0      0      0      0      0 
     0      0      0      0      0      0      0      0      0      0      0      0      0      0      0      0      0      0      0 
0 -1 -1
   109    135     75    182    255    255    255    199    255    255    255    157    255    255    255    119    109    170     75 
 11892   9360   9013  12397  10952  10510  13357  15041  26393  32766  21763  11525  13917  11498  11976  10136  13995  12075  11753 
 17236  13361     86    161   9013  10510   9360  10952  11892  12397  32766  26393  15041  13917  13995  11498  12075  11976  11753  10136  11525  21763  13357  12680  26270      0      0  65535 
     0      0      0      0      0      0      0      0      0      0      0      0      0      0      0      0      0      0      0 
     0      0      0      0      0      0      0      0      0      0      0      0      0      0      0      0      0      0      0 
     0      0      0      0      0      0      0      0      0      0      0      0      0      0      0      0      0      0      0 
0 -1 -1
   109    135     75    181    255    255    255    198    255    255    255    155    255    255    255    119    108    169     74 
 11881   9353   9009  12390  10947  10503  13359  15024  26358  32766  21710  11490  13901  11486  11963  10126  13977  12061  11740 
 17236  13361     86    161   9009  10503   9353  10947  11881  12390  32766  26358  15024  13901  13977  11486  12061  11963  11740  10126  11490  21710  13359  12695  26273      0      0  65535 
     0      0      0      0      0      0      0      0      0      0      0      0      0      0      0      0      0      0      0 
     0      0      0      0      0      0      0      0      0      0      0      0      0      0      0      0      0      0      0 
     0      0      0      0      0      0      0      0      0      0      0      0      0      0      0      0      0      0      0 
0 -1 -1
   109    134     75    181    255    255    255    197    255    255    255    154    255    255    255    118    108    168     74 
 11873   9347   9004  12380  10942  10500  13369  14998  26330  32766  21674  11466  13889  11478  11955  10119  13964  12051  11732 
 17236  13361     86    161   9004  10500   9347  10942  11873  12380  32766  26330  14998  13889  13964  11478  12051  11955  11732  10119  11466  21674  13369  12689  26272      0      0  65535 
     0      0      0      0      0      0      0      0      0      0      0      0      0      0      0      0      0      0      0 
     0      0      0      0      0      0      0      0      0      0      0      0      0      0      0      0      0      0      0 
     0      0      0      0      0      0      0      0      0      0      0      0      0      0      0      0      0      0      0 
0 -1 -1
   108    134     75    180    255    255    255    196    255    255    255    154    255    255    255    118    108    168     74 
 11855   9335   8998  12365  10933  10498  13377  14961  26295  32766  21639  11444  13877  11472  11949  10115  13948  12040  11725 
 17236  13361     86    161   8998  10498   9335  10933  11855  12365  32766  26295  14961  13877  13948  11472  12040  11949  11725  10115  11444  21639  13377  12685  26272      0      0  65535 
     0      0      0      0      0      0      0      0      0      0      0      0      0      0      0      0      0      0      0 
     0      0      0      0      0      0      0      0      0      0      0      0      0      0      0      0      0      0      0 
     0      0      0      0      0      0      0      0      0      0      0      0      0      0      0      0      0      0      0 
0 -1 -1
   108    133     74    180    255    255    255    196    255    255    255    153    255    255    255    118    107    168     74 
 11847   9329   8995  12356  10923  10491  13368  14948  26267  32766  21610  11432  13870  11467  11939  10109  13940  12035  11720 
 17236  13361     86    161   8995  10491   9329  10923  11847  12356  32766  26267  14948  13870  13940  11467  12035  11939  11720  10109  11432  21610  13368  12683  26272      0      0  65535 
     0      0      0      0      0      0      0      0      0      0      0      0      0      0      0      0      0      0      0 
     0      0      0      0      0      0      0      0      0      0      0      0      0      0      0      0      0      0      0 
     0      0      0      0      0      0      0      0      0      0      0      0      0      0      0      0      0      0      0 
0 -1 -1
   108    133     74    179    255    255    255    195    255    255    255    152    255    255    255    117    107    167     73 
 11833   9319   8989  12345  10914  10480  13362  14924  26230  32766  21570  11408  13857  11455  11930  10102  13925  12023  11710 
 17236  13361     86    161   8989  10480   9319  10914  11833  12345  32766  26230  14924  13857  13925  11455  12023  11930  11710  10102  11408  21570  13362  12689  26272      0      0  65535 
     0      0      0      0      0      0      0      0      0      0      0      0      0      0      0      0      0      0      0 
     0      0      0      0      0      0      0      0      0      0      0      0      0      0      0      0      0      0      0 
     0      0      0      0      0      0      0      0      0      0      0      0      0      0      0      0      0      0      0 
0 -1 -1
   107    132     74    178    255    255    255    194    255    255    255    150    255    255    255    116    106    166     73 
 11810   9301   8978  12323  10899  10472  13362  14876  26172  32766  21502  11364  13832  11437  11909  10085  13894  11998  11692 
 17236  13361     86    161   8978  10472   9301  10899  11810  12323  32766  26172  14876  13832  13894  11437  11998  11909  11692  10085  11364  21502  13362  12702  26271      0      0  65535 
     0      0      0      0      0      0      0      0      0      0      0      0      0      0      0      0      0      0      0 
     0      0      0      0      0      0      0      0      0      0      0      0      0      0      0      0      0      0      0 
     0      0      0      0      0      0      0      0      0      0      0      0      0      0      0      0      0      0      0 
0 -1 -1
   106    131     73    176    255    255    255    192    255    255    255    148    253    255    255    115    105    164     72 
 11769   9277   8962  12290  10874  10450  13338  14808  26084  32766  21405  11310  13792  11408  11875  10060  13849  11966  11659 
 17236  13361     86    161   8962  10450   9277  10874  11769  12290  32766  26084  14808  13792  13849  11408  11966  11875  11659  10060  11310  21405  13338  12685  26271      0      0  65535 
     0      0      0      0      0      0      0      0      0      0      0      0      0      0      0      0      0      0      0 
     0      0      0      0      0      0      0      0      0      0      0      0      0      0      0      0      0      0      0 
     0      0      0      0      0      0      0      0      0      0      0      0      0      0      0      0      0      0      0 
0 -1 -1
   105    130     72    175    255    255    255    190    255    255    255    146    252    255    255    114    105    163     71 
 11737   9254   8945  12264  10851  10426  13301  14759  26005  32766  21318  11263  13758  11383  11845  10038  13815  11938  11631 
 17236  13361     86    161   8945  10426   9254  10851  11737  12264  32766  26005  14759  13758  13815  11383  11938  11845  11631  10038  11263  21318  13301  12677  26272      0      0  65535 
     0      0      0      0      0      0      0      0      0      0      0      0      0      0      0      0      0      0      0 
     0      0      0      0      0      0      0      0      0      0      0      0      0      0      0      0      0      0      0 
     0      0      0      0      0      0      0      0      0      0      0      0      0      0      0      0      0      0      0 
0 -1 -1
   104    128     71    173    255    255    255    188    255    255    255    144    249    255    255    112    104    161     70 
 11683   9211   8917  12222  10807  10382  13234  14681  25874  32766  21205  11204  13711  11345  11799  10006  13766  11899  11594 
 17236  13361     86    161   8917  10382   9211  10807  11683  12222  32766  25874  14681  13711  13766  11345  11899  11799  11594  10006  11204  21205  13234  12674  26272      0      0  65535 
     0      0      0      0      0      0      0      0      0      0      0      0      0      0      0      0      0      0      0 
     0      0      0      0      0      0      0      0      0      0      0      0      0      0      0      0      0      0      0 
     0      0      0      0      0      0      0      0      0      0      0      0      0      0      0      0      0      0      0 
0 -1 -1
   102    126     69    171    255    255    255    186    255    255    255    142    247    255    255    110    103    159     69 
 11625   9161   8885  12173  10754  10327  13137  14607  25734  32766  21088  11139  13671  11307  11752   9972  13725  11865  11558 
 17236  13361     86    161   8885  10327   9161  10754  11625  12173  32766  25734  14607  13671  13725  11307  11865  11752  11558   9972  11139  21088  13137  12691  26271      0      0  65535 
     0      0      0      0      0      0      0      0      0      0      0      0      0      0      0      0      0      0      0 
     0      0      0      0      0      0      0      0      0      0      0      0      0      0      0      0      0      0      0 
     0      0      0      0      0      0      0      0      0      0      0      0      0      0      0      0      0      0      0 
0 -1 -1
   101    125     68    170    255    255    255    185    255    255    255    141    246    255    255    110    102    158     69 
 11591   9134   8866  12147  10723  10293  13080  14578  25658  32766  21039  11120  13651  11290  11731   9957  13708  11850  11542 
 17236  13361     86    162   8866  10293   9134  10723  11591  12147  32766  25658  14578  13651  13708  11290  11850  11731  11542   9957  11120  21039  13080  12672  26270      0      0  65535 
     0      0      0      0      0      0      0      0      0      0      0      0      0      0      0      0      0      0      0 
     0      0      0      0      0      0      0      0      0      0      0      0      0      0      0      0      0      0      0 
     0      0      0      0      0      0      0      0      0      0      0      0      0      0      0      0      0      0      0 
0 -1 -1
   101    124     68    169    255    255    255    184    255    255    255    140    245    255    255    109    102    157     69 
 11568   9122   8859  12130  10706  10275  13057  14545  25603  32766  20993  11107  13625  11270  11710   9944  13684  11833  11526 
 17236  13361     86    162   8859  10275   9122  10706  11568  12130  32766  25603  14545  13625  13684  11270  11833  11710  11526   9944  11107  20993  13057  12668  26269      0      0  65535 
     0      0      0      0      0      0      0      0      0      0      0      0      0      0      0      0      0      0      0 
     0      0      0      0      0      0      0      0      0      0      0      0      0      0      0      0      0      0      0 
     0      0      0      0      0      0      0      0      0      0      0      0      0      0      0      0      0      0      0 
0 -1 -1
   101    124     68    169    255    255    255    183    255    255    255    140    244    255    255    109    101    157     68 
 11560   9116   8854  12121  10696  10270  13063  14519  25575  32766  20969  11097  13606  11259  11699   9939  13667  11819  11516 
 17236  13361     86    162   8854  10270   9116  10696  11560  12121  32766  25575  14519  13606  13667  11259  11819  11699  11516   9939  11097  20969  13063  12668  26269      0      0  65535 
     0      0      0      0      0      0      0      0      0      0      0      0      0      0      0      0      0      0      0 
     0      0      0      0      0      0      0      0      0      0      0      0      0      0      0      0      0      0      0 
     0      0      0      0      0      0      0      0      0      0      0      0      0      0      0      0      0      0      0 
0 -1 -1
   100    122     67    167    255    255    255    181    255    255    255    137    241    255    255    107    100    154     67 
 11524   9088   8838  12092  10670  10244  13018  14456  25468  32766  20840  11031  13555  11222  11650   9904  13613  11775  11475 
 17236  13361     86    162   8838  10244   9088  10670  11524  12092  32766  25468  14456  13555  13613  11222  11775  11650  11475   9904  11031  20840  13018  12678  26270      0      0  65535 
     0      0      0      0      0      0      0      0      0      0      0      0      0      0      0      0      0      0      0 
     0      0      0      0      0      0      0      0      0      0      0      0      0      0      0      0      0      0      0 
     0      0      0      0      0      0      0      0      0      0      0      0      0      0      0      0      0      0      0 
0 -1 -1
    97    119     65    163    255    255    255    177    255    255    255    132    236    255    255    103     98    150     65 
 11431   9011   8786  12011  10592  10165  12893  14308  25220  32707  20587  10897  13455  11141  11552   9834  13507  11691  11393 
 17236  13361     86    162   8786  10165   9011  10592  11431  12011  32707  25220  14308  13455  13507  11141  11691  11552  11393   9834  10897  20587  12893  12643  26272      0      0  65535 
     0      0      0      0      0      0      0      0      0      0      0      0      0      0      0      0      0      0      0 
     0      0      0      0      0      0      0      0      0      0      0      0      0      0      0      0      0      0      0 
     0      0      0      0      0      0      0      0      0      0      0      0      0      0      0      0      0      0      0 
0 -1 -1
    95    115     62    159    255    255    254    172    255    255    255    127    231    255    255     99     95    146     63 
 11329   8923   8732  11922  10504  10079  12755  14151  24953  32359  20331  10765  13351  11058  11452   9761  13401  11603  11309 
 17236  13361     86    162   8732  10079   8923  10504  11329  11922  32359  24953  14151  13351  13401  11058  11603  11452  11309   9761  10765  20331  12755  12672  26271      0      0  65535 
     0      0      0      0      0      0      0      0      0      0      0      0      0      0      0      0      0      0      0 
     0      0      0      0      0      0      0      0      0      0      0      0      0      0      0      0      0      0      0 
     0      0      0      0      0      0      0      0      0      0      0      0      0      0      0      0      0      0      0 
0 -1 -1
    92    111     59    154    255    255    246    167    255    255    255    122    225    255    255     95     92    141     60 
 11208   8826   8667  11820  10399   9969  12588  13973  24640  32002  20050  10633  13230  10963  11336   9683  13283  11509  11217 
 17236  13361     86    162   8667   9969   8826  10399  11208  11820  32002  24640  13973  13230  13283  10963  11509  11336  11217   9683  10633  20050  12588  12699  26271      0      0  65535 
     0      0      0      0      0      0      0      0      0      0      0      0      0      0      0      0      0      0      0 
     0      0      0      0      0      0      0      0      0      0      0      0      0      0      0      0      0      0      0 
     0      0      0      0      0      0      0      0      0      0      0      0      0      0      0      0      0      0      0 
0 -1 -1
    87    104     55    147    255    255    231    159    255    255    255    112    214    255    255     88     88    132     56 
 11030   8684   8580  11669  10247   9816  12305  13696  24141  31414  19515  10391  13025  10804  11132   9544  13076  11340  11051 
 17236  13361     86    163   8580   9816   8684  10247  11030  11669  31414  24141  13696  13025  13076  10804  11340  11132  11051   9544  10391  19515  12305  12700  26272      0      0  65535 
     0      0      0      0      0      0      0      0      0      0      0      0      0      0      0      0      0      0      0 
     0      0      0      0      0      0      0      0      0      0      0      0      0      0      0      0      0      0      0 
     0      0      0      0      0      0      0      0      0      0      0      0      0      0      0      0      0      0      0 
0 -1 -1
    77     90     46    131    255    255    206    139    255    255    255     92    190    255    255     73     77    113     47 
 10632   8372   8392  11326   9911   9493  11794  13046  22985  30063  18317   9866  12546  10443  10692   9266  12604  10973  10713 
 17236  13361     86    163   8392   9493   8372   9911  10632  11326  30063  22985  13046  12546  12604  10443  10973  10692  10713   9266   9866  18317  11794  12694  26272      0      0  65535 
     0      0      0      0      0      0      0      0      0      0      0      0      0      0      0      0      0      0      0 
     0      0      0      0      0      0      0      0      0      0      0      0      0      0      0      0      0      0      0 
     0      0      0      0      0      0      0      0      0      0      0      0      0      0      0      0      0      0      0 
0 -1 -1
    50     56     28     88    255    195    129     91    255    255    255     51    123    190    196     41     50     68     27 
  9603   7634   7987  10417   8967   8592  10276  11426  19500  25650  14974   8814  11242   9493   9494   8660  11429  10083   9949 
 17236  13361     86    166   7987   8592   7634   8967   9603  10417  25650  19500  11426  11242  11429   9493  10083   9494   9949   8660   8814  14974  10276  12690  26271      0      0  65535 
     0      0      0      0      0      0      0      0      0      0      0      0      0      0      0      0      0      0      0 
     0      0      0      0      0      0      0      0      0      0      0      0      0      0      0      0      0      0      0 
     0      0      0      0      0      0      0      0      0      0      0      0      0      0      0      0      0      0      0 
0 -1 -1
    18     20     10     33    115     83     27     32    255    255    255     13     41     66     63     12     18     21      8 
  8385   6830   7603   9255   7672   7355   8229   9417  13748  17255  10228   7857   9629   8279   7973   8101  10041   9159   9214 
 17236  13361     86    169   7603   7355   6830   7672   8385   9255  17255  13748   9417   9629  10041   8279   9159   7973   9214   8101   7857  10228   8229  12689  26271      0      0  65535 
     0      0      0      0      0      0      0      0      0      0      0      0      0      0      0      0      0      0      0 
     0      0      0      0      0      0      0      0      0      0      0      0      0      0      0      0      0      0      0 
     0      0      0      0      0      0      0      0      0      0      0      0      0      0      0      0      0      0      0 
0 -1 -1
     2      2      1      2     10      9      0      2     29     98     34      0      3      5      4      0      2      2      1 
  7772   6446   7411   8597   6918   6532   7681   8432   9152   8673   6849   7516   8896   7676   7299   7875   9328   8790   8938 
 17236  13361     86    171   7411   6532   6446   6918   7772   8597   8673   9152   8432   8896   9328   7676   8790   7299   8938   7875   7516   6849   7681  12686  26271      0      0  65535 
     0      0      0      0      0      0      0      0      0      0      0      0      0      0      0      0      0      0      0 
     0      0      0      0      0      0      0      0      0      0      0      0      0      0      0      0      0      0      0 
     0      0      0      0      0      0      0      0      0      0      0      0      0      0      0      0      0      0      0 
0 -1 -1
     0      0      0      0      0      0      0      0      0      0      0      0      0      0      0      0      0      0      0 
  7645   6359   7358   8515   6806   6399   7659   8310   8707   7449   6404   7478   8797   7592   7211   7841   9201   8720   8877 
 17236  13361     86    171   7358   6399   6359   6806   7645   8515   7449   8707   8310   8797   9201   7592   8720   7211   8877   7841   7478   6404   7659  12685  26273      0      0  65535 
     0      0      0      0      0      0      0      0      0      0      0      0      0      0      0      0      0      0      0 
     0      0      0      0      0      0      0      0      0      0      0      0      0      0      0      0      0      0      0 
     0      0      0      0      0      0      0      0      0      0      0      0      0      0      0      0      0      0      0 
0 -1 -1
     0      0      0      0      0      0      0      0      0      0      0      0      0      0      0      0      0      0      0 
  7644   6356   7359   8513   6803   6398   7656   8310   8704   7441   6405   7478   8794   7592   7210   7840   9196   8720   8876 
 17236  13361     86    171   7359   6398   6356   6803   7644   8513   7441   8704   8310   8794   9196   7592   8720   7210   8876   7840   7478   6405   7656  12691  26272      0      0  65535 
     0      0      0      0      0      0      0      0      0      0      0      0      0      0      0      0      0      0      0 
     0      0      0      0      0      0      0      0      0      0      0      0      0      0      0      0      0      0      0 
     0      0      0      0      0      0      0      0      0      0      0      0      0      0      0      0      0      0      0 
0 -1 -1
     0      0      0      0      0      0      0      0      0      0      0      0      0      0      0      0      0      0      0 
  7642   6357   7358   8514   6802   6397   7656   8309   8702   7439   6406   7477   8791   7590   7207   7838   9197   8718   8875 
 17236  13361     86    171   7358   6397   6357   6802   7642   8514   7439   8702   8309   8791   9197   7590   8718   7207   8875   7838   7477   6406   7656  12685  26272      0      0  65535 
     0      0      0      0      0      0      0      0      0      0      0      0      0      0      0      0      0      0      0 
     0      0      0      0      0      0      0      0      0      0      0      0      0      0      0      0      0      0      0 
     0      0      0      0      0      0      0      0      0      0      0      0      0      0      0      0      0      0      0 
0 -1 -1
     0      0      0      0      0      0      0      0      0      0      0      0      0      0      0      0      0      0      0 
  7642   6356   7356   8511   6800   6395   7656   8307   8702   7438   6409   7478   8791   7590   7207   7838   9197   8717   8876 
 17236  13361     86    172   7356   6395   6356   6800   7642   8511   7438   8702   8307   8791   9197   7590   8717   7207   8876   7838   7478   6409   7656  12682  26272      0      0  65535 
     0      0      0      0      0      0      0      0      0      0      0      0      0      0      0      0      0      0      0 
     0      0      0      0      0      0      0      0      0      0      0      0      0      0      0      0      0      0      0 
     0      0      0      0      0      0      0      0      0      0      0      0      0      0      0      0      0      0      0 
0 -1 -1
     0      0      0      0      0      0      0      0      0      0      0      0      0      0      0      0      0      0      0 
  7640   6355   7356   8511   6801   6395   7656   8308   8703   7436   6411   7477   8790   7590   7206   7838   9194   8716   8875 
 17236  13361     86    171   7356   6395   6355   6801   7640   8511   7436   8703   8308   8790   9194   7590   8716   7206   8875   7838   7477   6411   7656  12680  26272      0      0  65535 
     0      0      0      0      0      0      0      0      0      0      0      0      0      0      0      0      0      0      0 
     0      0      0      0      0      0      0      0      0      0      0      0      0      0      0      0      0      0      0 
     0      0      0      0      0      0      0      0      0      0      0      0      0      0      0      0      0      0      0 
0 -1 -1
