     6     18     27     20     50     81     46     20     52    159    114     36     36    109    106     40     21     38     19 
  8125   7682   9261   9938   7750   9862  12212  10694  11228  14499  12946  11286  11271  11476  11533  10472  12189  10685  11340 
 17236  13361     86    165   9261   9862   7682   7750   8125   9938  14499  11228  10694  11271  12189  11476  10685  11533  11340  10472  11286  12946  12212  12556  26272      0      0  65535 
     0      0      0      0      0      0      0      0      0      0      0      0      0      0      0      0      0      0      0 
     0      0      0      0      0      0      0      0      0      0      0      0      0      0      0      0      0      0      0 
     0      0      0      0      0      0      0      0      0      0      0      0      0      0      0      0      0      0      0 
0 -1 -1
     4     12     20     13     37     63     26     14     37    114     69     24     26     76     73     27     15     27     13 
  8055   7560   9110   9798   7656   9664  11832  10475  11033  13960  12474  10969  11074  11154  11158  10225  11934  10477  11119 
 17236  13361     86    165   9110   9664   7560   7656   8055   9798  13960  11033  10475  11074  11934  11154  10477  11158  11119  10225  10969  12474  11832  12553  26274      0      0  65535 
     0      0      0      0      0      0      0      0      0      0      0      0      0      0      0      0      0      0      0 
     0      0      0      0      0      0      0      0      0      0      0      0      0      0      0      0      0      0      0 
     0      0      0      0      0      0      0      0      0      0      0      0      0      0      0      0      0      0      0 
0 -1 -1
     0      0      0      0      0      0      0      0      0      0      0      0      0      0      0      0      0      0      0 
  7728   6825   8117   9024   7112   8145   9517   9227   9738  10354   9507   8959   9764   9157   8846   8722  10318   9313   9770 
 17236  13361     86    169   8117   8145   6825   7112   7728   9024  10354   9738   9227   9764  10318   9157   9313   8846   9770   8722   8959   9507   9517  12540  26273      0      0  65535 
     0      0      0      0      0      0      0      0      0      0      0      0      0      0      0      0      0      0      0 
     0      0      0      0      0      0      0      0      0      0      0      0      0      0      0      0      0      0      0 
     0      0      0      0      0      0      0      0      0      0      0      0      0      0      0      0      0      0      0 
0 -1 -1
     0      0      0      0      0      0      0      0      0      0      0      0      0      0      0      0      0      0      0 
  7502   6226   7328   8429   6652   6454   7640   8246   8633   7417   6628   7456   8694   7526   7165   7741   9092   8568   8827 
 17236  13361     86    173   7328   6454   6226   6652   7502   8429   7417   8633   8246   8694   9092   7526   8568   7165   8827   7741   7456   6628   7640  12513  26273      0      0  65535 
     0      0      0      0      0      0      0      0      0      0      0      0      0      0      0      0      0      0      0 
     0      0      0      0      0      0      0      0      0      0      0      0      0      0      0      0      0      0      0 
     0      0      0      0      0      0      0      0      0      0      0      0      0      0      0      0      0      0      0 
0 -1 -1
     0      0      0      0      0      0      0      0      0      0      0      0      0      0      0      0      0      0      0 
  7459   6167   7209   8329   6587   6198   7490   8131   8518   7235   6304   7309   8598   7379   7026   7676   9002   8511   8723 
 17236  13361     86    174   7209   6198   6167   6587   7459   8329   7235   8518   8131   8598   9002   7379   8511   7026   8723   7676   7309   6304   7490  12533  26272      0      0  65535 
     0      0      0      0      0      0      0      0      0      0      0      0      0      0      0      0      0      0      0 
     0      0      0      0      0      0      0      0      0      0      0      0      0      0      0      0      0      0      0 
     0      0      0      0      0      0      0      0      0      0      0      0      0      0      0      0      0      0      0 
0 -1 -1
     0      0      0      0      0      0      0      0      0      0      0      0      0      0      0      0      0      0      0 
  7586   6379   7470   8548   6755   6749   8479   8525   8838   7834   7799   7991   8903   7995   7671   8006   9360   8856   9068 
 17236  13361     86    172   7470   6749   6379   6755   7586   8548   7834   8838   8525   8903   9360   7995   8856   7671   9068   8006   7991   7799   8479  12539  26273      0      0  65535 
     0      0      0      0      0      0      0      0      0      0      0      0      0      0      0      0      0      0      0 
     0      0      0      0      0      0      0      0      0      0      0      0      0      0      0      0      0      0      0 
     0      0      0      0      0      0      0      0      0      0      0      0      0      0      0      0      0      0      0 
0 -1 -1
     1      0      0      0      0      0      0      0      0      0      0      0      0      0      0      0      0      0      0 
  7933   7023   8217   9068   7374   8455  10201   9251   9714  10626  10338   9208   9562   9526   9415   8692  10115   9830   9800 
 17236  13361     86    169   8217   8455   7023   7374   7933   9068  10626   9714   9251   9562  10115   9526   9830   9415   9800   8692   9208  10338  10201  12544  26275      0      0  65535 
     0      0      0      0      0      0      0      0      0      0      0      0      0      0      0      0      0      0      0 
     0      0      0      0      0      0      0      0      0      0      0      0      0      0      0      0      0      0      0 
     0      0      0      0      0      0      0      0      0      0      0      0      0      0      0      0      0      0      0 
0 -1 -1
     6      1      0      0     34      2      0      0      0      0      0      0      0      0      0      0      0     11      0 
  8129   7305   8577   9311   7633   8984  10522   9532   9976  11553  10747   9533   9831   9931   9838   8900  10441  10172  10070 
 17236  13361     86    168   8577   8984   7305   7633   8129   9311  11553   9976   9532   9831  10441   9931  10172   9838  10070   8900   9533  10747  10522  12546  26273      0      0  65535 
     0      0      0      0      0      0      0      0      0      0      0      0      0      0      0      0      0      0      0 
     0      0      0      0      0      0      0      0      0      0      0      0      0      0      0      0      0      0      0 
     0      0      0      0      0      0      0      0      0      0      0      0      0      0      0      0      0      0      0 
0 -1 -1
    13     19     16      4     80     60      8      0      0     22     13      0      0     25     34      0      0     43      0 
  8387   7697   9034   9610   7966   9633  11466   9964  10392  12866  11886  10299  10252  10656  10717   9392  10938  10796  10579 
 17236  13361     86    167   9034   9633   7697   7966   8387   9610  12866  10392   9964  10252  10938  10656  10796  10717  10579   9392  10299  11886  11466  12546  26274      0      0  65535 
     0      0      0      0      0      0      0      0      0      0      0      0      0      0      0      0      0      0      0 
     0      0      0      0      0      0      0      0      0      0      0      0      0      0      0      0      0      0      0 
     0      0      0      0      0      0      0      0      0      0      0      0      0      0      0      0      0      0      0 
0 -1 -1
    20     38     40     18    133    129     39      9     19    129     82     19      2     86     94      2      2     69      9 
  8663   8123   9549   9909   8349  10393  12072  10325  10793  14149  12608  10830  10613  11247  11399   9755  11364  11304  10982 
 17236  13361     86    165   9549  10393   8123   8349   8663   9909  14149  10793  10325  10613  11364  11247  11304  11399  10982   9755  10830  12608  12072  12529  26272      0      0  65535 
     0      0      0      0      0      0      0      0      0      0      0      0      0      0      0      0      0      0      0 
     0      0      0      0      0      0      0      0      0      0      0      0      0      0      0      0      0      0      0 
     0      0      0      0      0      0      0      0      0      0      0      0      0      0      0      0      0      0      0 
0 -1 -1
    22     43     46     22    147    145     48     12     27    158    101     25      8    103    111      9      5     77     13 
  8751   8233   9684   9989   8452  10567  12262  10427  10897  14488  12809  11006  10736  11418  11600   9882  11488  11456  11112 
 17236  13361     86    165   9684  10567   8233   8452   8751   9989  14488  10897  10427  10736  11488  11418  11456  11600  11112   9882  11006  12809  12262  12539  26272      0      0  65535 
     0      0      0      0      0      0      0      0      0      0      0      0      0      0      0      0      0      0      0 
     0      0      0      0      0      0      0      0      0      0      0      0      0      0      0      0      0      0      0 
     0      0      0      0      0      0      0      0      0      0      0      0      0      0      0      0      0      0      0 
0 -1 -1
    26     53     59     31    175    177     69     19     45    217    149     40     21    142    152     22     11     93     20 
  8922   8453   9944  10175   8657  10918  12682  10648  11134  15203  13319  11372  10984  11796  12064  10138  11764  11778  11376 
 17236  13361     86    164   9944  10918   8453   8657   8922  10175  15203  11134  10648  10984  11764  11796  11778  12064  11376  10138  11372  13319  12682  12546  26273      0      0  65535 
     0      0      0      0      0      0      0      0      0      0      0      0      0      0      0      0      0      0      0 
     0      0      0      0      0      0      0      0      0      0      0      0      0      0      0      0      0      0      0 
     0      0      0      0      0      0      0      0      0      0      0      0      0      0      0      0      0      0      0 
0 -1 -1
    26     53     59     29    174    176     55     17     42    206    115     32     18    125    134     15      9     87     16 
  8907   8444   9960  10143   8649  10911  12400  10576  11099  15069  12956  11167  10919  11629  11854  10000  11671  11653  11250 
 17236  13361     86    164   9960  10911   8444   8649   8907  10143  15069  11099  10576  10919  11671  11629  11653  11854  11250  10000  11167  12956  12400  12552  26273      0      0  65535 
     0      0      0      0      0      0      0      0      0      0      0      0      0      0      0      0      0      0      0 
     0      0      0      0      0      0      0      0      0      0      0      0      0      0      0      0      0      0      0 
     0      0      0      0      0      0      0      0      0      0      0      0      0      0      0      0      0      0      0 
0 -1 -1
     2      0      0      0     11      0      0      0      0      0      0      0      0      0      0      0      0      0      0 
  7992   7113   8423   9037   7468   8667   9390   9058   9601  10482   9124   8671   9418   9102   8823   8416   9903   9644   9544 
 17236  13361     86    169   8423   8667   7113   7468   7992   9037  10482   9601   9058   9418   9903   9102   9644   8823   9544   8416   8671   9124   9390  12563  26274      0      0  65535 
     0      0      0      0      0      0      0      0      0      0      0      0      0      0      0      0      0      0      0 
     0      0      0      0      0      0      0      0      0      0      0      0      0      0      0      0      0      0      0 
     0      0      0      0      0      0      0      0      0      0      0      0      0      0      0      0      0      0      0 
0 -1 -1
     0      0      0      0      0      0      0      0      0      0      0      0      0      0      0      0      0      0      0 
  7508   6240   7322   8394   6673   6485   7589   8155   8608   7407   6483   7378   8653   7499   7110   7715   9016   8587   8750 
 17236  13361     86    173   7322   6485   6240   6673   7508   8394   7407   8608   8155   8653   9016   7499   8587   7110   8750   7715   7378   6483   7589  12544  26272      0      0  65535 
     0      0      0      0      0      0      0      0      0      0      0      0      0      0      0      0      0      0      0 
     0      0      0      0      0      0      0      0      0      0      0      0      0      0      0      0      0      0      0 
     0      0      0      0      0      0      0      0      0      0      0      0      0      0      0      0      0      0      0 
0 -1 -1
     0      0      0      0      0      0      0      0      0      0      0      0      0      0      0      0      0      0      0 
  7458   6173   7185   8321   6598   6223   7521   8110   8521   7240   6305   7298   8593   7385   7015   7669   9010   8528   8707 
 17236  13361     86    173   7185   6223   6173   6598   7458   8321   7240   8521   8110   8593   9010   7385   8528   7015   8707   7669   7298   6305   7521  12546  26272      0      0  65535 
     0      0      0      0      0      0      0      0      0      0      0      0      0      0      0      0      0      0      0 
     0      0      0      0      0      0      0      0      0      0      0      0      0      0      0      0      0      0      0 
     0      0      0      0      0      0      0      0      0      0      0      0      0      0      0      0      0      0      0 
0 -1 -1
     0      0      0      0      0      0      0      0      0      0      0      0      0      0      0      0      0      0      0 
  7704   6585   7750   8622   7044   7139   8513   8392   8974   8130   7495   7517   8914   8040   7861   8096   9308   9019   9255 
 17236  13361     86    172   7750   7139   6585   7044   7704   8622   8130   8974   8392   8914   9308   8040   9019   7861   9255   8096   7517   7495   8513  12544  26274      0      0  65535 
     0      0      0      0      0      0      0      0      0      0      0      0      0      0      0      0      0      0      0 
     0      0      0      0      0      0      0      0      0      0      0      0      0      0      0      0      0      0      0 
     0      0      0      0      0      0      0      0      0      0      0      0      0      0      0      0      0      0      0 
0 -1 -1
     7     11      9      0     89      0      0      0      0      0      0      0      0      0      0      0      0      0      0 
  8156   7529   8868   9215   8034   8783   9827   8761   9695  10531   9128   7847   9379   9076   9233   8862   9779   9840  10167 
 17236  13361     86    170   8868   8783   7529   8034   8156   9215  10531   9695   8761   9379   9779   9076   9840   9233  10167   8862   7847   9128   9827  12539  26273      0      0  65535 
     0      0      0      0      0      0      0      0      0      0      0      0      0      0      0      0      0      0      0 
     0      0      0      0      0      0      0      0      0      0      0      0      0      0      0      0      0      0      0 
     0      0      0      0      0      0      0      0      0      0      0      0      0      0      0      0      0      0      0 
0 -1 -1
    20     52     60     11    216    106      0      0      0      0      0      0      0      0      1      0      0     29      8 
  8677   8424   9978   9758   8950  10135  10821   9122  10302  12581  10315   8191   9798   9857  10329   9522  10264  10525  10942 
 17236  13361     86    167   9978  10135   8424   8950   8677   9758  12581  10302   9122   9798  10264   9857  10525  10329  10942   9522   8191  10315  10821  12546  26271      0      0  65535 
     0      0      0      0      0      0      0      0      0      0      0      0      0      0      0      0      0      0      0 
     0      0      0      0      0      0      0      0      0      0      0      0      0      0      0      0      0      0      0 
     0      0      0      0      0      0      0      0      0      0      0      0      0      0      0      0      0      0      0 
0 -1 -1
    30     79     91     31    255    179     12      0     14    120      0      0      0      1     71     17      0     55     24 
  9049   9027  10641  10177   9565  10941  11552   9383  10719  14032  11219   8479  10122  10418  11142  10045  10623  11031  11534 
 17236  13361     86    166  10641  10941   9027   9565   9049  10177  14032  10719   9383  10122  10623  10418  11031  11142  11534  10045   8479  11219  11552  12550  26273      0      0  65535 
     0      0      0      0      0      0      0      0      0      0      0      0      0      0      0      0      0      0      0 
     0      0      0      0      0      0      0      0      0      0      0      0      0      0      0      0      0      0      0 
     0      0      0      0      0      0      0      0      0      0      0      0      0      0      0      0      0      0      0 
0 -1 -1
    39    106    121     50    255    251     43      0     45    237     25      0      0     55    136     43      0     79     39 
  9412   9617  11296  10581  10167  11743  12166   9655  11138  15435  12007   8790  10447  10950  11888  10542  10980  11500  12100 
 17236  13361     86    165  11296  11743   9617  10167   9412  10581  15435  11138   9655  10447  10980  10950  11500  11888  12100  10542   8790  12007  12166  12546  26273      0      0  65535 
     0      0      0      0      0      0      0      0      0      0      0      0      0      0      0      0      0      0      0 
     0      0      0      0      0      0      0      0      0      0      0      0      0      0      0      0      0      0      0 
     0      0      0      0      0      0      0      0      0      0      0      0      0      0      0      0      0      0      0 
0 -1 -1
    46    122    140     61    255    255     61      0     64    255     67      0      4     86    172     59      0     95     48 
  9663   9962  11689  10815  10505  12181  12521   9828  11385  16202  12456   8981  10659  11249  12290  10836  11204  11799  12460 
 17236  13361     86    165  11689  12181   9962  10505   9663  10815  16202  11385   9828  10659  11204  11249  11799  12290  12460  10836   8981  12456  12521  12544  26272      1      0  65535 
     0      0      0      0      0      0      0      0      0      0      0      0      0      0      0      0      0      0      0 
     0      0      0      0      0      0      0      0      0      0      0      0      0      0      0      0      0      0      0 
     0      0      0      0      0      0      0      0      0      0      0      0      0      0      0      0      0      0      0 
0 -1 -1
    49    130    150     67    255    255     72      0     73    255     95      0     10    103    192     69      1    104     54 
  9791  10155  11905  10948  10689  12413  12743   9923  11512  16644  12748   9116  10777  11418  12530  11027  11334  11975  12679 
 17236  13361     86    164  11905  12413  10155  10689   9791  10948  16644  11512   9923  10777  11334  11418  11975  12530  12679  11027   9116  12748  12743  12545  26273      0      0  65535 
     0      0      0      0      0      0      0      0      0      0      0      0      0      0      0      0      0      0      0 
     0      0      0      0      0      0      0      0      0      0      0      0      0      0      0      0      0      0      0 
     0      0      0      0      0      0      0      0      0      0      0      0      0      0      0      0      0      0      0 
0 -1 -1
    42    118    135     54    255    255     34      0     52    255      8      0      0     55    134     42      0     79     38 
  9529   9879  11586  10665  10388  12018  11984   9672  11228  15755  11832   8762  10472  10945  11855  10519  10970  11497  12083 
 17236  13361     86    164  11586  12018   9879  10388   9529  10665  15755  11228   9672  10472  10970  10945  11497  11855  12083  10519   8762  11832  11984  12518  26272      0      0  65535 
     0      0      0      0      0      0      0      0      0      0      0      0      0      0      0      0      0      0      0 
     0      0      0      0      0      0      0      0      0      0      0      0      0      0      0      0      0      0      0 
     0      0      0      0      0      0      0      0      0      0      0      0      0      0      0      0      0      0      0 
0 -1 -1
     6     24     15      0    120      8      0      0      0      0      0      0      0      0      0      0      0      0      0 
  8117   7805   8999   9185   8257   9055   8936   8586   9681  10597   8199   7569   9161   8700   8808   8569   9484   9455   9795 
 17236  13361     86    170   8999   9055   7805   8257   8117   9185  10597   9681   8586   9161   9484   8700   9455   8808   9795   8569   7569   8199   8936  12549  26273      0      0  65535 
     0      0      0      0      0      0      0      0      0      0      0      0      0      0      0      0      0      0      0 
     0      0      0      0      0      0      0      0      0      0      0      0      0      0      0      0      0      0      0 
     0      0      0      0      0      0      0      0      0      0      0      0      0      0      0      0      0      0      0 
0 -1 -1
     0      0      0      0      0      0      0      0      0      0      0      0      0      0      0      0      0      0      0 
  7590   6497   7470   8463   6905   6781   7650   8104   8764   7703   6520   7277   8644   7572   7269   7805   9007   8620   8808 
 17236  13361     86    172   7470   6781   6497   6905   7590   8463   7703   8764   8104   8644   9007   7572   8620   7269   8808   7805   7277   6520   7650  12550  26274      0      0  65535 
     0      0      0      0      0      0      0      0      0      0      0      0      0      0      0      0      0      0      0 
     0      0      0      0      0      0      0      0      0      0      0      0      0      0      0      0      0      0      0 
     0      0      0      0      0      0      0      0      0      0      0      0      0      0      0      0      0      0      0 
0 -1 -1
     0      0      0      0      0      0      0      0      0      0      0      0      0      0      0      0      0      0      0 
  7504   6181   7199   8341   6650   6284   7527   7998   8557   7280   6388   7325   8575   7440   7063   7730   8925   8538   8681 
 17236  13361     86    174   7199   6284   6181   6650   7504   8341   7280   8557   7998   8575   8925   7440   8538   7063   8681   7730   7325   6388   7527  12551  26275      0      0  65535 
     0      0      0      0      0      0      0      0      0      0      0      0      0      0      0      0      0      0      0 
     0      0      0      0      0      0      0      0      0      0      0      0      0      0      0      0      0      0      0 
     0      0      0      0      0      0      0      0      0      0      0      0      0      0      0      0      0      0      0 
0 -1 -1
    12     23      0      0     90      0      0      0      0      0      0      0      0      0      0      0      0      0      0 
  8364   7788   8547   9276   8042   8081   8229   9165  10017   9559   8555   8038   9077   8355   8866   8839   9365   9146   9504 
 17236  13361     86    172   8547   8081   7788   8042   8364   9276   9559  10017   9165   9077   9365   8355   9146   8866   9504   8839   8038   8555   8229  12549  26274      0      0  65535 
     0      0      0      0      0      0      0      0      0      0      0      0      0      0      0      0      0      0      0 
     0      0      0      0      0      0      0      0      0      0      0      0      0      0      0      0      0      0      0 
     0      0      0      0      0      0      0      0      0      0      0      0      0      0      0      0      0      0      0 
0 -1 -1
    55    126     88     59    255    130      0     21    108     86      0      0      0      0     39     32      0      5      1 
 10039  10060  10573  10777  10198  10401   9194  10708  11971  13629  10850   9146   9869   9487  10767  10329  10095  10045  10670 
 17236  13361     86    171  10573  10401  10060  10198  10039  10777  13629  11971  10708   9869  10095   9487  10045  10767  10670  10329   9146  10850   9194  12547  26273      0      0  65535 
     0      0      0      0      0      0      0      0      0      0      0      0      0      0      0      0      0      0      0 
     0      0      0      0      0      0      0      0      0      0      0      0      0      0      0      0      0      0      0 
     0      0      0      0      0      0      0      0      0      0      0      0      0      0      0      0      0      0      0 
0 -1 -1
    73    162    126     87    255    208      0     36    156    208      0      0      0      0     94     64      0     23     13 
 10711  10851  11386  11359  10964  11266   9579  11236  12614  15086  11637   9627  10214   9913  11401  10925  10390  10392  11135 
 17236  13361     86    170  11386  11266  10851  10964  10711  11359  15086  12614  11236  10214  10390   9913  10392  11401  11135  10925   9627  11637   9579  12548  26273      1      0  65535 
     0      0      0      0      0      0      0      0      0      0      0      0      0      0      0      0      0      0      0 
     0      0      0      0      0      0      0      0      0      0      0      0      0      0      0      0      0      0      0 
     0      0      0      0      0      0      0      0      0      0      0      0      0      0      0      0      0      0      0 
0 -1 -1
    91    196    159    115    255    255      0     55    211    255     84      0      0      0    160     99      0     43     27 
 11418  11591  12097  11958  11755  12102  10071  11851  13337  16598  12636  10170  10580  10408  12156  11595  10703  10784  11641 
 17236  13361     86    169  12097  12102  11591  11755  11418  11958  16598  13337  11851  10580  10703  10408  10784  12156  11641  11595  10170  12636  10071  12549  26273      0      0  65535 
     0      0      0      0      0      0      0      0      0      0      0      0      0      0      0      0      0      0      0 
     0      0      0      0      0      0      0      0      0      0      0      0      0      0      0      0      0      0      0 
     0      0      0      0      0      0      0      0      0      0      0      0      0      0      0      0      0      0      0 
0 -1 -1
   106    225    188    139    255    255      0     69    253    255    147      8     15     37    208    125      0     59     37 
 12005  12234  12723  12467  12404  12831  10421  12337  13889  17811  13292  10574  10856  10770  12707  12085  10969  11103  12041 
 17236  13361     86    168  12723  12831  12234  12404  12005  12467  17811  13889  12337  10856  10969  10770  11103  12707  12041  12085  10574  13292  10421  12550  26274      0      0  65535 
     0      0      0      0      0      0      0      0      0      0      0      0      0      0      0      0      0      0      0 
     0      0      0      0      0      0      0      0      0      0      0      0      0      0      0      0      0      0      0 
     0      0      0      0      0      0      0      0      0      0      0      0      0      0      0      0      0      0      0 
0 -1 -1
   109    230    193    143    255    255      0     71    255    255    160     13     17     44    216    131      0     62     40 
 12110  12352  12840  12556  12508  12970  10500  12416  13974  17996  13432  10679  10903  10834  12804  12201  11023  11171  12138 
 17236  13361     86    168  12840  12970  12352  12508  12110  12556  17996  13974  12416  10903  11023  10834  11171  12804  12138  12201  10679  13432  10500  12539  26273      0      0  65535 
     0      0      0      0      0      0      0      0      0      0      0      0      0      0      0      0      0      0      0 
     0      0      0      0      0      0      0      0      0      0      0      0      0      0      0      0      0      0      0 
     0      0      0      0      0      0      0      0      0      0      0      0      0      0      0      0      0      0      0 
0 -1 -1
   114    238    201    150    255    255      0     76    255    255    182     18     21     55    232    140      0     69     44 
 12281  12513  13015  12694  12694  13196  10620  12563  14118  18359  13660  10824  10989  10945  12978  12381  11102  11291  12288 
 17236  13361     86    168  13015  13196  12513  12694  12281  12694  18359  14118  12563  10989  11102  10945  11291  12978  12288  12381  10824  13660  10620  12554  26272      0      0  65535 
     0      0      0      0      0      0      0      0      0      0      0      0      0      0      0      0      0      0      0 
     0      0      0      0      0      0      0      0      0      0      0      0      0      0      0      0      0      0      0 
     0      0      0      0      0      0      0      0      0      0      0      0      0      0      0      0      0      0      0 
0 -1 -1
   114    237    202    149    255    255      0     75    255    255    178     18     21     53    229    140      0     68     43 
 12283  12501  13022  12685  12690  13192  10622  12551  14106  18338  13623  10822  10976  10922  12950  12369  11093  11284  12281 
 17236  13361     86    168  13022  13192  12501  12690  12283  12685  18338  14106  12551  10976  11093  10922  11284  12950  12281  12369  10822  13623  10622  12555  26272      0      0  65535 
     0      0      0      0      0      0      0      0      0      0      0      0      0      0      0      0      0      0      0 
     0      0      0      0      0      0      0      0      0      0      0      0      0      0      0      0      0      0      0 
     0      0      0      0      0      0      0      0      0      0      0      0      0      0      0      0      0      0      0 
0 -1 -1
   113    236    200    148    255    255      0     74    255    255    171     17     19     49    224    137      0     66     42 
 12266  12467  12987  12659  12661  13149  10598  12523  14073  18261  13550  10787  10953  10889  12890  12316  11067  11251  12236 
 17236  13361     86    168  12987  13149  12467  12661  12266  12659  18261  14073  12523  10953  11067  10889  11251  12890  12236  12316  10787  13550  10598  12542  26272      0      0  65535 
     0      0      0      0      0      0      0      0      0      0      0      0      0      0      0      0      0      0      0 
     0      0      0      0      0      0      0      0      0      0      0      0      0      0      0      0      0      0      0 
     0      0      0      0      0      0      0      0      0      0      0      0      0      0      0      0      0      0      0 
0 -1 -1
   113    234    198    147    255    255      0     74    255    255    165     15     18     46    219    134      0     65     41 
 12241  12432  12950  12634  12628  13101  10566  12491  14034  18175  13482  10743  10929  10856  12830  12262  11038  11215  12190 
 17236  13361     86    168  12950  13101  12432  12628  12241  12634  18175  14034  12491  10929  11038  10856  11215  12830  12190  12262  10743  13482  10566  12544  26273      0      0  65535 
     0      0      0      0      0      0      0      0      0      0      0      0      0      0      0      0      0      0      0 
     0      0      0      0      0      0      0      0      0      0      0      0      0      0      0      0      0      0      0 
     0      0      0      0      0      0      0      0      0      0      0      0      0      0      0      0      0      0      0 
0 -1 -1
   104    218    182    131    255    255      0     62    238    255    106      0      6     17    178    110      0     48     30 
 11920  12073  12602  12304  12303  12695  10215  12104  13697  17431  12868  10335  10689  10573  12362  11809  10774  10884  11770 
 17236  13361     86    168  12602  12695  12073  12303  11920  12304  17431  13697  12104  10689  10774  10573  10884  12362  11770  11809  10335  12868  10215  12535  26273      0      0  65535 
     0      0      0      0      0      0      0      0      0      0      0      0      0      0      0      0      0      0      0 
     0      0      0      0      0      0      0      0      0      0      0      0      0      0      0      0      0      0      0 
     0      0      0      0      0      0      0      0      0      0      0      0      0      0      0      0      0      0      0 
0 -1 -1
    75    157    114     84    255    224      0     28    170    249      0      0      0      0     77     49      0      8      4 
 10783  10740  11135  11289  11340  11446   9490  10958  12789  15587  11588   9438  10052   9836  11204  10641  10039  10115  10769 
 17236  13361     86    170  11135  11446  10740  11340  10783  11289  15587  12789  10958  10052  10039   9836  10115  11204  10769  10641   9438  11588   9490  12537  26272      0      0  65535 
     0      0      0      0      0      0      0      0      0      0      0      0      0      0      0      0      0      0      0 
     0      0      0      0      0      0      0      0      0      0      0      0      0      0      0      0      0      0      0 
     0      0      0      0      0      0      0      0      0      0      0      0      0      0      0      0      0      0      0 
0 -1 -1
    63    119     57     61    255    153      0     13    141    183      0      0      0      0      8      7      0      0      0 
 10330   9900   9905  10811  10788  10659   9269  10447  12402  14787  10614   8995   9866   9381  10417   9847   9488   9647  10200 
 17236  13361     86    170   9905  10659   9900  10788  10330  10811  14787  12402  10447   9866   9488   9381   9647  10417  10200   9847   8995  10614   9269  12540  26272      0      0  65535 
     0      0      0      0      0      0      0      0      0      0      0      0      0      0      0      0      0      0      0 
     0      0      0      0      0      0      0      0      0      0      0      0      0      0      0      0      0      0      0 
     0      0      0      0      0      0      0      0      0      0      0      0      0      0      0      0      0      0      0 
0 -1 -1
    55     78     28     44    255     66      0      4    115     86      0      0      0      0      0      0      0      0      0 
 10024   8993   9279  10449  10098   9691   9271  10163  12070  13635   9910   8659   9939   9232   9695   9420   9357   9342   9892 
 17236  13361     86    170   9279   9691   8993  10098  10024  10449  13635  12070  10163   9939   9357   9232   9342   9695   9892   9420   8659   9910   9271  12543  26273      0      0  65535 
     0      0      0      0      0      0      0      0      0      0      0      0      0      0      0      0      0      0      0 
     0      0      0      0      0      0      0      0      0      0      0      0      0      0      0      0      0      0      0 
     0      0      0      0      0      0      0      0      0      0      0      0      0      0      0      0      0      0      0 
0 -1 -1
    35     30     23     33    255      0      0      0    114     62      0      0      0      0      0      0      0      0      0 
  9265   7953   9171  10224   9470   8903   9217   9897  12056  13348   9501   8507  10078   9443   9076   9119   9369   9218   9809 
 17236  13361     86    171   9171   8903   7953   9470   9265  10224  13348  12056   9897  10078   9369   9443   9218   9076   9809   9119   8507   9501   9217  12540  26273      0      0  65535 
     0      0      0      0      0      0      0      0      0      0      0      0      0      0      0      0      0      0      0 
     0      0      0      0      0      0      0      0      0      0      0      0      0      0      0      0      0      0      0 
     0      0      0      0      0      0      0      0      0      0      0      0      0      0      0      0      0      0      0 
0 -1 -1
    34     28     36     62    255     12      0     11    172    165      0      0      0      0      0      0      0      0      0 
  9215   7899   9461  10825   9700   9099   9296  10384  12825  14575   9536   8440  10435  10069   8907   9096   9508   9146   9720 
 17236  13361     86    170   9461   9099   7899   9700   9215  10825  14575  12825  10384  10435   9508  10069   9146   8907   9720   9096   8440   9536   9296  12537  26273      0      0  65535 
     0      0      0      0      0      0      0      0      0      0      0      0      0      0      0      0      0      0      0 
     0      0      0      0      0      0      0      0      0      0      0      0      0      0      0      0      0      0      0 
     0      0      0      0      0      0      0      0      0      0      0      0      0      0      0      0      0      0      0 
0 -1 -1
    23     23     30     72    255      0      0     11    165     70      0      0      0      0      0      0      0      0      0 
  8802   7796   9326  11035   9528   8859   8984  10402  12727  13433   9018   8177  10386  10073   8614   9064   9487   9029   9580 
 17236  13361     86    171   9326   8859   7796   9528   8802  11035  13433  12727  10402  10386   9487  10073   9029   8614   9580   9064   8177   9018   8984  12534  26274      0      0  65535 
     0      0      0      0      0      0      0      0      0      0      0      0      0      0      0      0      0      0      0 
     0      0      0      0      0      0      0      0      0      0      0      0      0      0      0      0      0      0      0 
     0      0      0      0      0      0      0      0      0      0      0      0      0      0      0      0      0      0      0 
0 -1 -1
    24     28     29     74    255      0      0     17    189    114      0      0      0      0      0      0      0      0      0 
  8831   7908   9312  11087   9729   8927   9103  10599  13050  13964   9155   8309  10510  10401   8756   9430   9709   9148   9838 
 17236  13361     86    171   9312   8927   7908   9729   8831  11087  13964  13050  10599  10510   9709  10401   9148   8756   9838   9430   8309   9155   9103  12528  26271      0      0  65535 
     0      0      0      0      0      0      0      0      0      0      0      0      0      0      0      0      0      0      0 
     0      0      0      0      0      0      0      0      0      0      0      0      0      0      0      0      0      0      0 
     0      0      0      0      0      0      0      0      0      0      0      0      0      0      0      0      0      0      0 
0 -1 -1
    27     34     21     61    255     11      0     18    195    134      0      0      0     18      0      0      0      0      0 
  8952   8037   9130  10814   9798   9083   9032  10607  13123  14209   8940   8280  10487  10586   8861   9509   9859   9150   9977 
 17236  13361     86    171   9130   9083   8037   9798   8952  10814  14209  13123  10607  10487   9859  10586   9150   8861   9977   9509   8280   8940   9032  12518  26271      0      0  65535 
     0      0      0      0      0      0      0      0      0      0      0      0      0      0      0      0      0      0      0 
     0      0      0      0      0      0      0      0      0      0      0      0      0      0      0      0      0      0      0 
     0      0      0      0      0      0      0      0      0      0      0      0      0      0      0      0      0      0      0 
0 -1 -1
    14     13      0     33    208      0      0      0    128      2      0      0      0      0      0      0      0      0      0 
  8441   7573   8682  10215   8898   8485   8622   9930  12241  12623   8260   8019   9890   9905   8463   8990   9550   8969   9568 
 17236  13361     86    171   8682   8485   7573   8898   8441  10215  12623  12241   9930   9890   9550   9905   8969   8463   9568   8990   8019   8260   8622  12525  26271      0      0  65535 
     0      0      0      0      0      0      0      0      0      0      0      0      0      0      0      0      0      0      0 
     0      0      0      0      0      0      0      0      0      0      0      0      0      0      0      0      0      0      0 
     0      0      0      0      0      0      0      0      0      0      0      0      0      0      0      0      0      0      0 
0 -1 -1
     0      0      0      0     13      0      0      0      0      0      0      0      0      0      0      0      0      0      0 
  7722   6675   7886   9302   7484   7175   7921   8992  10423   9444   7094   7638   9007   8396   7649   8247   9129   8835   9101 
 17236  13361     86    172   7886   7175   6675   7484   7722   9302   9444  10423   8992   9007   9129   8396   8835   7649   9101   8247   7638   7094   7921  12523  26272      0      0  65535 
     0      0      0      0      0      0      0      0      0      0      0      0      0      0      0      0      0      0      0 
     0      0      0      0      0      0      0      0      0      0      0      0      0      0      0      0      0      0      0 
     0      0      0      0      0      0      0      0      0      0      0      0      0      0      0      0      0      0      0 
0 -1 -1
     0      0      0      0      0      0      0      0      0      0      0      0      0      0      0      0      0      0      0 
  7661   6291   7513   8670   6860   6447   7637   8287   9064   7617   6478   7438   8656   7592   7183   7832   9027   8646   8888 
 17236  13361     86    173   7513   6447   6291   6860   7661   8670   7617   9064   8287   8656   9027   7592   8646   7183   8888   7832   7438   6478   7637  12535  26274      0      0  65535 
     0      0      0      0      0      0      0      0      0      0      0      0      0      0      0      0      0      0      0 
     0      0      0      0      0      0      0      0      0      0      0      0      0      0      0      0      0      0      0 
     0      0      0      0      0      0      0      0      0      0      0      0      0      0      0      0      0      0      0 
0 -1 -1
     0      0      0      0      0      0      0      0      0      0      0      0      0      0      0      0      0      0      0 
  7544   6175   7291   8375   6688   6270   7518   8029   8648   7356   6295   7327   8532   7440   7040   7717   8953   8566   8770 
 17236  13361     86    173   7291   6270   6175   6688   7544   8375   7356   8648   8029   8532   8953   7440   8566   7040   8770   7717   7327   6295   7518  12541  26275      0      0  65535 
     0      0      0      0      0      0      0      0      0      0      0      0      0      0      0      0      0      0      0 
     0      0      0      0      0      0      0      0      0      0      0      0      0      0      0      0      0      0      0 
     0      0      0      0      0      0      0      0      0      0      0      0      0      0      0      0      0      0      0 
0 -1 -1
     0      0      0      0      0      0      0      0      0      0      0      0      0      0      0      0      0      0      0 
  7421   6109   7165   8282   6597   6172   7441   7995   8495   7233   6199   7243   8521   7355   6980   7631   8903   8513   8673 
 17236  13361     86    173   7165   6172   6109   6597   7421   8282   7233   8495   7995   8521   8903   7355   8513   6980   8673   7631   7243   6199   7441  12550  26274      0      0  65535 
     0      0      0      0      0      0      0      0      0      0      0      0      0      0      0      0      0      0      0 
     0      0      0      0      0      0      0      0      0      0      0      0      0      0      0      0      0      0      0 
     0      0      0      0      0      0      0      0      0      0      0      0      0      0      0      0      0      0      0 
0 -1 -1
     0      0      0      0      0      0      0      0      0      0      0      0      0      0      0      0      0      0      0 
  7426   6088   7147   8291   6577   6159   7447   8028   8478   7214   6201   7234   8508   7343   6972   7614   8887   8496   8671 
 17236  13361     86    174   7147   6159   6088   6577   7426   8291   7214   8478   8028   8508   8887   7343   8496   6972   8671   7614   7234   6201   7447  12531  26274      0      0  65535 
     0      0      0      0      0      0      0      0      0      0      0      0      0      0      0      0      0      0      0 
     0      0      0      0      0      0      0      0      0      0      0      0      0      0      0      0      0      0      0 
     0      0      0      0      0      0      0      0      0      0      0      0      0      0      0      0      0      0      0 
0 -1 -1
     0      0      0      0      0      0      0      0      0      0      0      0      0      0      0      0      0      0      0 
  7438   6143   7150   8290   6575   6167   7450   8077   8482   7215   6211   7271   8560   7346   6973   7624   8847   8500   8666 
 17236  13361     86    174   7150   6167   6143   6575   7438   8290   7215   8482   8077   8560   8847   7346   8500   6973   8666   7624   7271   6211   7450  12537  26274      0      0  65535 
     0      0      0      0      0      0      0      0      0      0      0      0      0      0      0      0      0      0      0 
     0      0      0      0      0      0      0      0      0      0      0      0      0      0      0      0      0      0      0 
     0      0      0      0      0      0      0      0      0      0      0      0      0      0      0      0      0      0      0 
0 -1 -1
     0      0      0      0      0      0      0      0      0      0      0      0      0      0      0      0      0      0      0 
  7437   6149   7148   8290   6575   6169   7451   8087   8482   7215   6211   7273   8564   7344   6973   7625   8963   8499   8668 
 17236  13361     86    174   7148   6169   6149   6575   7437   8290   7215   8482   8087   8564   8963   7344   8499   6973   8668   7625   7273   6211   7451  12540  26275      0      0  65535 
     0      0      0      0      0      0      0      0      0      0      0      0      0      0      0      0      0      0      0 
     0      0      0      0      0      0      0      0      0      0      0      0      0      0      0      0      0      0      0 
     0      0      0      0      0      0      0      0      0      0      0      0      0      0      0      0      0      0      0 
0 -1 -1
     0      0      0      0      0      0      0      0      0      0      0      0      0      0      0      0      0      0      0 
  7435   6149   7153   8292   6574   6168   7454   8089   8479   7213   6213   7280   8564   7344   6973   7627   8985   8499   8670 
 17236  13361     86    174   7153   6168   6149   6574   7435   8292   7213   8479   8089   8564   8985   7344   8499   6973   8670   7627   7280   6213   7454  12541  26275      0      0  65535 
     0      0      0      0      0      0      0      0      0      0      0      0      0      0      0      0      0      0      0 
     0      0      0      0      0      0      0      0      0      0      0      0      0      0      0      0      0      0      0 
     0      0      0      0      0      0      0      0      0      0      0      0      0      0      0      0      0      0      0 
0 -1 -1
     0      0      0      0      0      0      0      0      0      0      0      0      0      0      0      0      0      0      0 
  7452   6164   7171   8323   6585   6184   7477   8115   8490   7215   6229   7310   8580   7347   6977   7664   9024   8528   8699 
 17236  13361     86    174   7171   6184   6164   6585   7452   8323   7215   8490   8115   8580   9024   7347   8528   6977   8699   7664   7310   6229   7477  12547  26274      0      0  65535 
     0      0      0      0      0      0      0      0      0      0      0      0      0      0      0      0      0      0      0 
     0      0      0      0      0      0      0      0      0      0      0      0      0      0      0      0      0      0      0 
     0      0      0      0      0      0      0      0      0      0      0      0      0      0      0      0      0      0      0 
0 -1 -1
    17      0      0     14     70      0      0      0      0      0      0      0      0      0      0      0      0      0      0 
  8556   7230   7855   9811   7895   7001   8328   8947  10170  10670   8238   8262   9593   8503   8221   8662   9725   9209   9378 
 17236  13361     86    172   7855   7001   7230   7895   8556   9811  10670  10170   8947   9593   9725   8503   9209   8221   9378   8662   8262   8238   8328  12526  26273      0      0  65535 
     0      0      0      0      0      0      0      0      0      0      0      0      0      0      0      0      0      0      0 
     0      0      0      0      0      0      0      0      0      0      0      0      0      0      0      0      0      0      0 
     0      0      0      0      0      0      0      0      0      0      0      0      0      0      0      0      0      0      0 
0 -1 -1
    28     19      0     41    156      0      0      0     25      0      0      0      0      0      0      0      0      0      0 
  8967   7697   8190  10393   8516   7391   8572   9232  10872  12550   8701   8552   9938   8974   8600   8953  10004   9396   9544 
 17236  13361     86    172   8190   7391   7697   8516   8967  10393  12550  10872   9232   9938  10004   8974   9396   8600   9544   8953   8552   8701   8572  12525  26273      0      0  65535 
     0      0      0      0      0      0      0      0      0      0      0      0      0      0      0      0      0      0      0 
     0      0      0      0      0      0      0      0      0      0      0      0      0      0      0      0      0      0      0 
     0      0      0      0      0      0      0      0      0      0      0      0      0      0      0      0      0      0      0 
0 -1 -1
    31     25      0     52    192      0      0      0     50     61      0      0      0      0      0      0      0      0      0 
  9085   7828   8256  10611   8777   7570   8697   9325  11196  13331   8981   8652  10054   9222   8758   9059  10094   9422   9549 
 17236  13361     86    172   8256   7570   7828   8777   9085  10611  13331  11196   9325  10054  10094   9222   9422   8758   9549   9059   8652   8981   8697  12544  26271      0      0  65535 
     0      0      0      0      0      0      0      0      0      0      0      0      0      0      0      0      0      0      0 
     0      0      0      0      0      0      0      0      0      0      0      0      0      0      0      0      0      0      0 
     0      0      0      0      0      0      0      0      0      0      0      0      0      0      0      0      0      0      0 
0 -1 -1
    48     59      8     97    255      0      0      0    136    255      0      0     17      0      0      0      0      0      0 
  9755   8585   8861  11583   9765   8236   9244   9929  12348  16035   9990   9287  10906  10135   9493   9727  10727   9894  10002 
 17236  13361     86    170   8861   8236   8585   9765   9755  11583  16035  12348   9929  10906  10727  10135   9894   9493  10002   9727   9287   9990   9244  12545  26270      1      0  65535 
     0      0      0      0      0      0      0      0      0      0      0      0      0      0      0      0      0      0      0 
     0      0      0      0      0      0      0      0      0      0      0      0      0      0      0      0      0      0      0 
     0      0      0      0      0      0      0      0      0      0      0      0      0      0      0      0      0      0      0 
0 -1 -1
    58     75     22    124    255      0      0      8    185    255      0      0     38     18      0      9      0      4      0 
 10132   8944   9159  12137  10313   8606   9415  10288  12997  17446  10343   9468  11321  10581   9729   9894  10980  10031  10068 
 17236  13361     86    170   9159   8606   8944  10313  10132  12137  17446  12997  10288  11321  10980  10581  10031   9729  10068   9894   9468  10343   9415  12540  26270      1      0  65535 
     0      0      0      0      0      0      0      0      0      0      0      0      0      0      0      0      0      0      0 
     0      0      0      0      0      0      0      0      0      0      0      0      0      0      0      0      0      0      0 
     0      0      0      0      0      0      0      0      0      0      0      0      0      0      0      0      0      0      0 
0 -1 -1
    72     97     38    161    255      9      0     25    246    255      0      0     73     73      0     22      3     17      0 
 10696   9429   9504  12926  10983   9064   9681  10862  13799  19094  10787   9705  11997  11127  10062  10138  11390  10289  10212 
 17236  13361     86    170   9504   9064   9429  10983  10696  12926  19094  13799  10862  11997  11390  11127  10289  10062  10212  10138   9705  10787   9681  12549  26272      0      0  65535 
     0      0      0      0      0      0      0      0      0      0      0      0      0      0      0      0      0      0      0 
     0      0      0      0      0      0      0      0      0      0      0      0      0      0      0      0      0      0      0 
     0      0      0      0      0      0      0      0      0      0      0      0      0      0      0      0      0      0      0 
0 -1 -1
    83    114     50    185    255     35      0     37    255    255      0      0     94    102      0     27      8     24      0 
 11107   9785   9764  13438  11414   9356   9831  11246  14252  20063  10993   9808  12410  11405  10228  10231  11632  10427  10276 
 17236  13361     86    169   9764   9356   9785  11414  11107  13438  20063  14252  11246  12410  11632  11405  10427  10228  10276  10231   9808  10993   9831  12549  26272      0      0  65535 
     0      0      0      0      0      0      0      0      0      0      0      0      0      0      0      0      0      0      0 
     0      0      0      0      0      0      0      0      0      0      0      0      0      0      0      0      0      0      0 
     0      0      0      0      0      0      0      0      0      0      0      0      0      0      0      0      0      0      0 
0 -1 -1
    87    120     56    194    255     48      0     41    255    255      0      0    103    116      2     33     11     30      0 
 11254   9935   9895  13632  11589   9498   9946  11385  14432  20526  11159   9930  12584  11544  10347  10344  11769  10533  10376 
 17236  13361     86    169   9895   9498   9935  11589  11254  13632  20526  14432  11385  12584  11769  11544  10533  10347  10376  10344   9930  11159   9946  12527  26274      0      0  65535 
     0      0      0      0      0      0      0      0      0      0      0      0      0      0      0      0      0      0      0 
     0      0      0      0      0      0      0      0      0      0      0      0      0      0      0      0      0      0      0 
     0      0      0      0      0      0      0      0      0      0      0      0      0      0      0      0      0      0      0 
0 -1 -1
    90    125     60    200    255     57      0     44    255    255      0      0    109    123      8     35     13     33      0 
 11362  10030   9976  13765  11706   9601   9993  11500  14565  20817  11231   9978  12715  11615  10419  10389  11856  10593  10415 
 17236  13361     86    169   9976   9601  10030  11706  11362  13765  20817  14565  11500  12715  11856  11615  10593  10419  10415  10389   9978  11231   9993  12513  26273      0      0  65535 
     0      0      0      0      0      0      0      0      0      0      0      0      0      0      0      0      0      0      0 
     0      0      0      0      0      0      0      0      0      0      0      0      0      0      0      0      0      0      0 
     0      0      0      0      0      0      0      0      0      0      0      0      0      0      0      0      0      0      0 
0 -1 -1
    92    129     64    207    255     68      0     48    255    255      0      0    117    138     19     41     16     37      0 
 11462  10133  10071  13913  11848   9713  10122  11629  14728  21217  11410  10100  12868  11757  10543  10502  11970  10682  10503 
 17236  13361     86    169  10071   9713  10133  11848  11462  13913  21217  14728  11629  12868  11970  11757  10682  10543  10503  10502  10100  11410  10122  12527  26272      0      0  65535 
     0      0      0      0      0      0      0      0      0      0      0      0      0      0      0      0      0      0      0 
     0      0      0      0      0      0      0      0      0      0      0      0      0      0      0      0      0      0      0 
     0      0      0      0      0      0      0      0      0      0      0      0      0      0      0      0      0      0      0 
0 -1 -1
    98    140     75    219    255     88      0     54    255    255      0      0    130    161     38     53     21     47      1 
 11668  10358  10293  14168  12114   9934  10314  11830  15008  22003  11692  10315  13119  11987  10758  10718  12192  10863  10681 
 17236  13361     86    169  10293   9934  10358  12114  11668  14168  22003  15008  11830  13119  12192  11987  10863  10758  10681  10718  10315  11692  10314  12529  26272      0      0  65535 
     0      0      0      0      0      0      0      0      0      0      0      0      0      0      0      0      0      0      0 
     0      0      0      0      0      0      0      0      0      0      0      0      0      0      0      0      0      0      0 
     0      0      0      0      0      0      0      0      0      0      0      0      0      0      0      0      0      0      0 
0 -1 -1
   102    147     82    229    255    103      0     58    255    255     14      4    139    180     52     60     25     53      4 
 11822  10526  10452  14360  12322  10099  10444  11979  15230  22634  11894  10447  13302  12175  10915  10850  12355  10979  10783 
 17236  13361     86    168  10452  10099  10526  12322  11822  14360  22634  15230  11979  13302  12355  12175  10979  10915  10783  10850  10447  11894  10444  12521  26274      0      0  65535 
     0      0      0      0      0      0      0      0      0      0      0      0      0      0      0      0      0      0      0 
     0      0      0      0      0      0      0      0      0      0      0      0      0      0      0      0      0      0      0 
     0      0      0      0      0      0      0      0      0      0      0      0      0      0      0      0      0      0      0 
0 -1 -1
   105    155     89    237    255    119      0     62    255    255     33      9    147    198     65     67     28     58      7 
 11954  10687  10606  14530  12528  10286  10586  12103  15446  23273  12095  10586  13457  12350  11068  10990  12485  11084  10877 
 17236  13361     86    168  10606  10286  10687  12528  11954  14530  23273  15446  12103  13457  12485  12350  11084  11068  10877  10990  10586  12095  10586  12533  26273      0      0  65535 
     0      0      0      0      0      0      0      0      0      0      0      0      0      0      0      0      0      0      0 
     0      0      0      0      0      0      0      0      0      0      0      0      0      0      0      0      0      0      0 
     0      0      0      0      0      0      0      0      0      0      0      0      0      0      0      0      0      0      0 
0 -1 -1
   107    160     95    241    255    130      0     64    255    255     46     14    152    208     73     72     30     62      9 
 12047  10801  10729  14627  12641  10408  10697  12184  15561  23638  12230  10702  13554  12447  11165  11090  12574  11161  10952 
 17236  13361     86    168  10729  10408  10801  12641  12047  14627  23638  15561  12184  13554  12574  12447  11161  11165  10952  11090  10702  12230  10697  12525  26273      0      0  65535 
     0      0      0      0      0      0      0      0      0      0      0      0      0      0      0      0      0      0      0 
     0      0      0      0      0      0      0      0      0      0      0      0      0      0      0      0      0      0      0 
     0      0      0      0      0      0      0      0      0      0      0      0      0      0      0      0      0      0      0 
0 -1 -1
   109    166    103    244    255    146      0     66    255    255     70     24    158    223     90     85     33     70     14 
 12111  10926  10904  14680  12767  10575  10904  12231  15674  24153  12490  10961  13660  12594  11350  11326  12702  11314  11149 
 17236  13361     86    167  10904  10575  10926  12767  12111  14680  24153  15674  12231  13660  12702  12594  11314  11350  11149  11326  10961  12490  10904  12529  26273      0      0  65535 
     0      0      0      0      0      0      0      0      0      0      0      0      0      0      0      0      0      0      0 
     0      0      0      0      0      0      0      0      0      0      0      0      0      0      0      0      0      0      0 
     0      0      0      0      0      0      0      0      0      0      0      0      0      0      0      0      0      0      0 
0 -1 -1
   109    167    107    243    255    152      0     66    255    255     74     26    158    226     93     87     33     71     14 
 12117  10967  10977  14675  12798  10644  10938  12228  15693  24278  12529  11011  13670  12619  11384  11362  12724  11330  11176 
 17236  13361     86    168  10977  10644  10967  12798  12117  14675  24278  15693  12228  13670  12724  12619  11330  11384  11176  11362  11011  12529  10938  12532  26272      0      0  65535 
     0      0      0      0      0      0      0      0      0      0      0      0      0      0      0      0      0      0      0 
     0      0      0      0      0      0      0      0      0      0      0      0      0      0      0      0      0      0      0 
     0      0      0      0      0      0      0      0      0      0      0      0      0      0      0      0      0      0      0 
0 -1 -1
   110    168    106    246    255    152      0     67    255    255     74     24    161    229     93     85     34     71     14 
 12144  10976  10959  14722  12817  10641  10915  12274  15743  24360  12524  10968  13716  12649  11389  11336  12762  11339  11154 
 17236  13361     86    167  10959  10641  10976  12817  12144  14722  24360  15743  12274  13716  12762  12649  11339  11389  11154  11336  10968  12524  10915  12526  26271      0      0  65535 
     0      0      0      0      0      0      0      0      0      0      0      0      0      0      0      0      0      0      0 
     0      0      0      0      0      0      0      0      0      0      0      0      0      0      0      0      0      0      0 
     0      0      0      0      0      0      0      0      0      0      0      0      0      0      0      0      0      0      0 
0 -1 -1
   111    169    104    250    255    153      0     69    255    255     68     19    164    232     90     79     34     69     11 
 12202  10993  10923  14824  12871  10658  10851  12355  15829  24450  12463  10836  13776  12675  11352  11224  12776  11294  11051 
 17236  13361     86    168  10923  10658  10993  12871  12202  14824  24450  15829  12355  13776  12776  12675  11294  11352  11051  11224  10836  12463  10851  12505  26272      0      0  65535 
     0      0      0      0      0      0      0      0      0      0      0      0      0      0      0      0      0      0      0 
     0      0      0      0      0      0      0      0      0      0      0      0      0      0      0      0      0      0      0 
     0      0      0      0      0      0      0      0      0      0      0      0      0      0      0      0      0      0      0 
0 -1 -1
   113    170    104    255    255    156      0     72    255    255     68     18    167    235     90     78     35     69     11 
 12262  11022  10925  14916  12924  10693  10842  12428  15887  24556  12467  10809  13842  12705  11352  11197  12800  11293  11028 
 17236  13361     86    168  10925  10693  11022  12924  12262  14916  24556  15887  12428  13842  12800  12705  11293  11352  11028  11197  10809  12467  10842  12533  26272      0      0  65535 
     0      0      0      0      0      0      0      0      0      0      0      0      0      0      0      0      0      0      0 
     0      0      0      0      0      0      0      0      0      0      0      0      0      0      0      0      0      0      0 
     0      0      0      0      0      0      0      0      0      0      0      0      0      0      0      0      0      0      0 
0 -1 -1
   115    172    106    255    255    162      0     74    255    255     74     19    172    241     93     79     36     70     11 
 12325  11066  10973  14995  12976  10761  10885  12502  15962  24727  12523  10836  13930  12766  11391  11220  12849  11326  11045 
 17236  13361     86    168  10973  10761  11066  12976  12325  14995  24727  15962  12502  13930  12849  12766  11326  11391  11045  11220  10836  12523  10885  12538  26271      0      0  65535 
     0      0      0      0      0      0      0      0      0      0      0      0      0      0      0      0      0      0      0 
     0      0      0      0      0      0      0      0      0      0      0      0      0      0      0      0      0      0      0 
     0      0      0      0      0      0      0      0      0      0      0      0      0      0      0      0      0      0      0 
0 -1 -1
   117    176    110    255    255    171      0     77    255    255     82     21    178    251     99     82     38     73     12 
 12424  11146  11055  15124  13095  10860  10945  12612  16087  25012  12608  10886  14057  12862  11457  11267  12932  11386  11078 
 17236  13361     86    167  11055  10860  11146  13095  12424  15124  25012  16087  12612  14057  12932  12862  11386  11457  11078  11267  10886  12608  10945  12533  26271      0      0  65535 
     0      0      0      0      0      0      0      0      0      0      0      0      0      0      0      0      0      0      0 
     0      0      0      0      0      0      0      0      0      0      0      0      0      0      0      0      0      0      0 
     0      0      0      0      0      0      0      0      0      0      0      0      0      0      0      0      0      0      0 
0 -1 -1
   117    175    110    255    255    171      0     78    255    255     80     20    179    250     98     81     38     74     12 
 12429  11142  11056  15130  13096  10857  10925  12628  16096  25008  12595  10875  14074  12854  11451  11263  12939  11395  11078 
 17236  13361     86    168  11056  10857  11142  13096  12429  15130  25008  16096  12628  14074  12939  12854  11395  11451  11078  11263  10875  12595  10925  12542  26273      0      0  65535 
     0      0      0      0      0      0      0      0      0      0      0      0      0      0      0      0      0      0      0 
     0      0      0      0      0      0      0      0      0      0      0      0      0      0      0      0      0      0      0 
     0      0      0      0      0      0      0      0      0      0      0      0      0      0      0      0      0      0      0 
0 -1 -1
   117    175    109    255    255    170      0     78    255    255     78     19    180    249     98     80     38     74     12 
 12427  11125  11039  15120  13086  10842  10905  12640  16092  24966  12573  10852  14087  12848  11445  11242  12940  11396  11065 
 17236  13361     86    168  11039  10842  11125  13086  12427  15120  24966  16092  12640  14087  12940  12848  11396  11445  11065  11242  10852  12573  10905  12550  26271      0      0  65535 
     0      0      0      0      0      0      0      0      0      0      0      0      0      0      0      0      0      0      0 
     0      0      0      0      0      0      0      0      0      0      0      0      0      0      0      0      0      0      0 
     0      0      0      0      0      0      0      0      0      0      0      0      0      0      0      0      0      0      0 
0 -1 -1
   117    174    109    255    255    168      0     78    255    255     78     19    179    248     97     80     38     74     11 
 12420  11115  11031  15101  13072  10827  10898  12638  16082  24931  12567  10848  14085  12839  11438  11229  12935  11395  11062 
 17236  13361     86    168  11031  10827  11115  13072  12420  15101  24931  16082  12638  14085  12935  12839  11395  11438  11062  11229  10848  12567  10898  12548  26271      0      0  65535 
     0      0      0      0      0      0      0      0      0      0      0      0      0      0      0      0      0      0      0 
     0      0      0      0      0      0      0      0      0      0      0      0      0      0      0      0      0      0      0 
     0      0      0      0      0      0      0      0      0      0      0      0      0      0      0      0      0      0      0 
0 -1 -1
   117    174    110    255    255    168      0     78    255    255     79     20    179    248     97     80     38     74     12 
 12421  11119  11040  15088  13067  10828  10911  12637  16078  24928  12575  10863  14083  12837  11440  11237  12935  11399  11071 
 17236  13361     86    167  11040  10828  11119  13067  12421  15088  24928  16078  12637  14083  12935  12837  11399  11440  11071  11237  10863  12575  10911  12547  26271      0      0  65535 
     0      0      0      0      0      0      0      0      0      0      0      0      0      0      0      0      0      0      0 
     0      0      0      0      0      0      0      0      0      0      0      0      0      0      0      0      0      0      0 
     0      0      0      0      0      0      0      0      0      0      0      0      0      0      0      0      0      0      0 
0 -1 -1
   117    176    112    255    255    171      0     78    255    255     83     22    179    249     99     82     38     75     12 
 12432  11151  11087  15087  13085  10853  10953  12639  16082  24999  12619  10911  14082  12850  11460  11279  12943  11413  11100 
 17236  13361     86    167  11087  10853  11151  13085  12432  15087  24999  16082  12639  14082  12943  12850  11413  11460  11100  11279  10911  12619  10953  12546  26272      0      0  65535 
     0      0      0      0      0      0      0      0      0      0      0      0      0      0      0      0      0      0      0 
     0      0      0      0      0      0      0      0      0      0      0      0      0      0      0      0      0      0      0 
     0      0      0      0      0      0      0      0      0      0      0      0      0      0      0      0      0      0      0 
0 -1 -1
   118    177    113    255    255    172      0     78    255    255     85     23    179    250    100     84     38     75     13 
 12436  11178  11122  15084  13092  10870  10983  12633  16074  25034  12643  10948  14073  12853  11468  11309  12944  11422  11121 
 17236  13361     86    168  11122  10870  11178  13092  12436  15084  25034  16074  12633  14073  12944  12853  11422  11468  11121  11309  10948  12643  10983  12537  26272      0      0  65535 
     0      0      0      0      0      0      0      0      0      0      0      0      0      0      0      0      0      0      0 
     0      0      0      0      0      0      0      0      0      0      0      0      0      0      0      0      0      0      0 
     0      0      0      0      0      0      0      0      0      0      0      0      0      0      0      0      0      0      0 
0 -1 -1
   117    176    113    255    255    171      0     77    255    255     81     22    178    247     98     82     38     74     12 
 12428  11166  11118  15066  13074  10859  10967  12619  16049  24958  12603  10924  14052  12827  11443  11281  12919  11400  11097 
 17236  13361     86    168  11118  10859  11166  13074  12428  15066  24958  16049  12619  14052  12919  12827  11400  11443  11097  11281  10924  12603  10967  12534  26273      0      0  65535 
     0      0      0      0      0      0      0      0      0      0      0      0      0      0      0      0      0      0      0 
     0      0      0      0      0      0      0      0      0      0      0      0      0      0      0      0      0      0      0 
     0      0      0      0      0      0      0      0      0      0      0      0      0      0      0      0      0      0      0 
0 -1 -1
   117    175    112    255    255    169      0     77    255    255     77     21    177    244     95     80     37     73     11 
 12414  11140  11087  15046  13050  10836  10939  12607  16020  24843  12559  10886  14033  12794  11409  11243  12886  11373  11063 
 17236  13361     86    167  11087  10836  11140  13050  12414  15046  24843  16020  12607  14033  12886  12794  11373  11409  11063  11243  10886  12559  10939  12514  26273      0      0  65535 
     0      0      0      0      0      0      0      0      0      0      0      0      0      0      0      0      0      0      0 
     0      0      0      0      0      0      0      0      0      0      0      0      0      0      0      0      0      0      0 
     0      0      0      0      0      0      0      0      0      0      0      0      0      0      0      0      0      0      0 
0 -1 -1
   116    174    110    255    255    166      0     76    255    255     70     19    174    238     90     77     35     70     10 
 12386  11101  11054  15008  13007  10801  10896  12571  15964  24669  12488  10833  13979  12738  11357  11188  12828  11323  11009 
 17236  13361     86    168  11054  10801  11101  13007  12386  15008  24669  15964  12571  13979  12828  12738  11323  11357  11009  11188  10833  12488  10896  12499  26272      0      0  65535 
     0      0      0      0      0      0      0      0      0      0      0      0      0      0      0      0      0      0      0 
     0      0      0      0      0      0      0      0      0      0      0      0      0      0      0      0      0      0      0 
     0      0      0      0      0      0      0      0      0      0      0      0      0      0      0      0      0      0      0 
0 -1 -1
   112    166    102    249    255    148      0     70    255    255     42     10    162    214     72     66     31     61      5 
 12210  10926  10889  14790  12783  10605  10670  12381  15720  23983  12186  10613  13741  12503  11147  10980  12612  11152  10834 
 17236  13361     86    168  10889  10605  10926  12783  12210  14790  23983  15720  12381  13741  12612  12503  11152  11147  10834  10980  10613  12186  10670  12514  26273      0      0  65535 
     0      0      0      0      0      0      0      0      0      0      0      0      0      0      0      0      0      0      0 
     0      0      0      0      0      0      0      0      0      0      0      0      0      0      0      0      0      0      0 
     0      0      0      0      0      0      0      0      0      0      0      0      0      0      0      0      0      0      0 
0 -1 -1
   100    146     83    224    255    103      0     58    255    255      0      0    136    165     38     48     21     45      0 
 11770  10501  10465  14257  12221  10100  10301  11957  15156  22467  11686  10263  13235  12025  10758  10637  12197  10839  10556 
 17236  13361     86    168  10465  10100  10501  12221  11770  14257  22467  15156  11957  13235  12197  12025  10839  10758  10556  10637  10263  11686  10301  12520  26273      0      0  65535 
     0      0      0      0      0      0      0      0      0      0      0      0      0      0      0      0      0      0      0 
     0      0      0      0      0      0      0      0      0      0      0      0      0      0      0      0      0      0      0 
     0      0      0      0      0      0      0      0      0      0      0      0      0      0      0      0      0      0      0 
0 -1 -1
    93    133     70    206    255     72      0     49    255    255      0      0    116    130     13     35     14     33      0 
 11474  10220  10192  13878  11826   9764  10060  11650  14737  21383  11321  10023  12852  11680  10469  10389  11893  10603  10346 
 17236  13361     86    169  10192   9764  10220  11826  11474  13878  21383  14737  11650  12852  11893  11680  10603  10469  10346  10389  10023  11321  10060  12528  26274      0      0  65535 
     0      0      0      0      0      0      0      0      0      0      0      0      0      0      0      0      0      0      0 
     0      0      0      0      0      0      0      0      0      0      0      0      0      0      0      0      0      0      0 
     0      0      0      0      0      0      0      0      0      0      0      0      0      0      0      0      0      0      0 
0 -1 -1
    79    112     49    177    255     26      0     34    255    255      0      0     89     77      0     17      5     19      0 
 10964   9747   9738  13262  11196   9251   9626  11177  14107  19842  10770   9649  12307  11159  10062  10038  11508  10316  10105 
 17236  13361     86    170   9738   9251   9747  11196  10964  13262  19842  14107  11177  12307  11508  11159  10316  10062  10105  10038   9649  10770   9626  12529  26274      0      0  65535 
     0      0      0      0      0      0      0      0      0      0      0      0      0      0      0      0      0      0      0 
     0      0      0      0      0      0      0      0      0      0      0      0      0      0      0      0      0      0      0 
     0      0      0      0      0      0      0      0      0      0      0      0      0      0      0      0      0      0      0 
0 -1 -1
    59     79     20    130    255      0      0     14    192    255      0      0     46      0      0      0      0      0      0 
 10195   9019   9107  12275  10227   8508   9059  10473  13086  17489   9909   9126  11475  10361   9431   9536  10946   9903   9783 
 17236  13361     86    170   9107   8508   9019  10227  10195  12275  17489  13086  10473  11475  10946  10361   9903   9431   9783   9536   9126   9909   9059  12525  26273      0      0  65535 
     0      0      0      0      0      0      0      0      0      0      0      0      0      0      0      0      0      0      0 
     0      0      0      0      0      0      0      0      0      0      0      0      0      0      0      0      0      0      0 
     0      0      0      0      0      0      0      0      0      0      0      0      0      0      0      0      0      0      0 
0 -1 -1
    32     29      0     59    195      0      0      0     70    105      0      0      0      0      0      0      0      0      0 
  9122   7918   8284  10766   8802   7526   8398   9502  11461  13863   8646   8437  10242   9172   8506   8825  10111   9344   9352 
 17236  13361     86    172   8284   7526   7918   8802   9122  10766  13863  11461   9502  10242  10111   9172   9344   8506   9352   8825   8437   8646   8398  12539  26271      0      0  65535 
     0      0      0      0      0      0      0      0      0      0      0      0      0      0      0      0      0      0      0 
     0      0      0      0      0      0      0      0      0      0      0      0      0      0      0      0      0      0      0 
     0      0      0      0      0      0      0      0      0      0      0      0      0      0      0      0      0      0      0 
0 -1 -1
     8      0      0      0     18      0      0      0      0      0      0      0      0      0      0      0      0      0      0 
  8224   6946   7671   9381   7518   6753   7883   8744   9835  10315   7399   7866   9320   8129   7712   8249   9501   8992   9103 
 17236  13361     86    173   7671   6753   6946   7518   8224   9381  10315   9835   8744   9320   9501   8129   8992   7712   9103   8249   7866   7399   7883  12526  26271      0      0  65535 
     0      0      0      0      0      0      0      0      0      0      0      0      0      0      0      0      0      0      0 
     0      0      0      0      0      0      0      0      0      0      0      0      0      0      0      0      0      0      0 
     0      0      0      0      0      0      0      0      0      0      0      0      0      0      0      0      0      0      0 
0 -1 -1
     0      0      0      0      0      0      0      0      0      0      0      0      0      0      0      0      0      0      0 
  7635   6320   7308   8513   6739   6295   7519   8251   8701   7577   6360   7376   8705   7456   7080   7732   9069   8608   8761 
 17236  13361     86    173   7308   6295   6320   6739   7635   8513   7577   8701   8251   8705   9069   7456   8608   7080   8761   7732   7376   6360   7519  12522  26272      0      0  65535 
     0      0      0      0      0      0      0      0      0      0      0      0      0      0      0      0      0      0      0 
     0      0      0      0      0      0      0      0      0      0      0      0      0      0      0      0      0      0      0 
     0      0      0      0      0      0      0      0      0      0      0      0      0      0      0      0      0      0      0 
0 -1 -1
     0      0      0      0      0      0      0      0      0      0      0      0      0      0      0      0      0      0      0 
  7451   6161   7167   8314   6587   6180   7459   8106   8499   7214   6221   7276   8576   7354   6979   7630   8987   8505   8669 
 17236  13361     86    174   7167   6180   6161   6587   7451   8314   7214   8499   8106   8576   8987   7354   8505   6979   8669   7630   7276   6221   7459  12525  26274      0      0  65535 
     0      0      0      0      0      0      0      0      0      0      0      0      0      0      0      0      0      0      0 
     0      0      0      0      0      0      0      0      0      0      0      0      0      0      0      0      0      0      0 
     0      0      0      0      0      0      0      0      0      0      0      0      0      0      0      0      0      0      0 
0 -1 -1
     0      0      0      0      0      0      0      0      0      0      0      0      0      0      0      0      0      0      0 
  7443   6153   7158   8305   6583   6174   7455   8098   8496   7208   6218   7277   8572   7352   6977   7628   8992   8500   8673 
 17236  13361     86    174   7158   6174   6153   6583   7443   8305   7208   8496   8098   8572   8992   7352   8500   6977   8673   7628   7277   6218   7455  12534  26274      0      0  65535 
     0      0      0      0      0      0      0      0      0      0      0      0      0      0      0      0      0      0      0 
     0      0      0      0      0      0      0      0      0      0      0      0      0      0      0      0      0      0      0 
     0      0      0      0      0      0      0      0      0      0      0      0      0      0      0      0      0      0      0 
0 -1 -1
     0      0      0      0      0      0      0      0      0      0      0      0      0      0      0      0      0      0      0 
  7445   6154   7162   8302   6581   6173   7454   8098   8494   7207   6218   7276   8570   7350   6977   7629   8993   8500   8672 
 17236  13361     86    174   7162   6173   6154   6581   7445   8302   7207   8494   8098   8570   8993   7350   8500   6977   8672   7629   7276   6218   7454  12541  26275      0      0  65535 
     0      0      0      0      0      0      0      0      0      0      0      0      0      0      0      0      0      0      0 
     0      0      0      0      0      0      0      0      0      0      0      0      0      0      0      0      0      0      0 
     0      0      0      0      0      0      0      0      0      0      0      0      0      0      0      0      0      0      0 
0 -1 -1
     0      0      0      0      0      0      0      0      0      0      0      0      0      0      0      0      0      0      0 
  7445   6154   7163   8305   6581   6174   7456   8098   8496   7207   6220   7277   8569   7351   6975   7629   8991   8501   8672 
 17236  13361     86    174   7163   6174   6154   6581   7445   8305   7207   8496   8098   8569   8991   7351   8501   6975   8672   7629   7277   6220   7456  12557  26274      0      0  65535 
     0      0      0      0      0      0      0      0      0      0      0      0      0      0      0      0      0      0      0 
     0      0      0      0      0      0      0      0      0      0      0      0      0      0      0      0      0      0      0 
     0      0      0      0      0      0      0      0      0      0      0      0      0      0      0      0      0      0      0 
0 -1 -1
     0      0      0      0      0      0      0      0      0      0      0      0      0      0      0      0      0      0      0 
  7444   6156   7161   8303   6581   6173   7455   8098   8493   7207   6218   7276   8568   7349   6977   7629   8992   8500   8674 
 17236  13361     86    174   7161   6173   6156   6581   7444   8303   7207   8493   8098   8568   8992   7349   8500   6977   8674   7629   7276   6218   7455  12550  26274      0      0  65535 
     0      0      0      0      0      0      0      0      0      0      0      0      0      0      0      0      0      0      0 
     0      0      0      0      0      0      0      0      0      0      0      0      0      0      0      0      0      0      0 
     0      0      0      0      0      0      0      0      0      0      0      0      0      0      0      0      0      0      0 
0 -1 -1
     0      0      0      0      0      0      0      0      0      0      0      0      0      0      0      0      0      0      0 
  7444   6155   7162   8303   6580   6172   7453   8098   8492   7207   6218   7278   8568   7349   6976   7628   8990   8500   8673 
 17236  13361     86    174   7162   6172   6155   6580   7444   8303   7207   8492   8098   8568   8990   7349   8500   6976   8673   7628   7278   6218   7453  12533  26274      0      0  65535 
     0      0      0      0      0      0      0      0      0      0      0      0      0      0      0      0      0      0      0 
     0      0      0      0      0      0      0      0      0      0      0      0      0      0      0      0      0      0      0 
     0      0      0      0      0      0      0      0      0      0      0      0      0      0      0      0      0      0      0 
0 -1 -1
     0      0      0      0      0      0      0      0      0      0      0      0      0      0      0      0      0      0      0 
  7445   6155   7162   8302   6582   6172   7455   8097   8492   7207   6218   7278   8568   7349   6977   7628   8991   8498   8672 
 17236  13361     86    174   7162   6172   6155   6582   7445   8302   7207   8492   8097   8568   8991   7349   8498   6977   8672   7628   7278   6218   7455  12530  26275      0      0  65535 
     0      0      0      0      0      0      0      0      0      0      0      0      0      0      0      0      0      0      0 
     0      0      0      0      0      0      0      0      0      0      0      0      0      0      0      0      0      0      0 
     0      0      0      0      0      0      0      0      0      0      0      0      0      0      0      0      0      0      0 
0 -1 -1
     0      0      0      0      0      0      0      0      0      0      0      0      0      0      0      0      0      0      0 
  7444   6156   7161   8303   6582   6174   7455   8097   8491   7207   6217   7277   8568   7349   6977   7628   8990   8501   8674 
 17236  13361     86    174   7161   6174   6156   6582   7444   8303   7207   8491   8097   8568   8990   7349   8501   6977   8674   7628   7277   6217   7455  12530  26274      0      0  65535 
     0      0      0      0      0      0      0      0      0      0      0      0      0      0      0      0      0      0      0 
     0      0      0      0      0      0      0      0      0      0      0      0      0      0      0      0      0      0      0 
     0      0      0      0      0      0      0      0      0      0      0      0      0      0      0      0      0      0      0 
0 -1 -1
