    34     65     75     42    221    203     68     56    141    255    133     45     89    185    124     45     28     57     20 
 10616   9668  10956  10668  10385  11920  11181  13752  14546  18262  10061   9963  13148  12550  10347   9520  11844  10874  10193 
 17236  13361     86    168  10956  11920   9668  10385  10616  10668  18262  14546  13752  13148  11844  12550  10874  10347  10193   9520   9963  10061  11181  11522  26214      0      0  65535 
     0      0      0      0      0      0      0      0      0      0      0      0      0      0      0      0      0      0      0 
     0      0      0      0      0      0      0      0      0      0      0      0      0      0      0      0      0      0      0 
     0      0      0      0      0      0      0      0      0      0      0      0      0      0      0      0      0      0      0 
0 -1 -1
    35     68     80     45    235    217     74     60    150    255    146     50     96    200    135     51     31     64     23 
 10689   9749  11070  10727  10482  12074  11301  13887  14663  18610  10206  10104  13292  12697  10477   9644  11973  11021  10313 
 17236  13361     86    168  11070  12074   9749  10482  10689  10727  18610  14663  13887  13292  11973  12697  11021  10477  10313   9644  10104  10206  11301  11505  26228      0      0  65535 
     0      0      0      0      0      0      0      0      0      0      0      0      0      0      0      0      0      0      0 
     0      0      0      0      0      0      0      0      0      0      0      0      0      0      0      0      0      0      0 
     0      0      0      0      0      0      0      0      0      0      0      0      0      0      0      0      0      0      0 
0 -1 -1
    36     69     82     46    237    221     76     62    152    255    151     52     98    205    139     54     32     67     24 
 10714   9773  11111  10750  10502  12120  11345  13935  14697  18721  10259  10151  13341  12746  10518   9688  12032  11079  10360 
 17236  13361     86    168  11111  12120   9773  10502  10714  10750  18721  14697  13935  13341  12032  12746  11079  10518  10360   9688  10151  10259  11345  11504  26211      0      0  65535 
     0      0      0      0      0      0      0      0      0      0      0      0      0      0      0      0      0      0      0 
     0      0      0      0      0      0      0      0      0      0      0      0      0      0      0      0      0      0      0 
     0      0      0      0      0      0      0      0      0      0      0      0      0      0      0      0      0      0      0 
0 -1 -1
    38     73     86     50    249    231     80     65    160    255    158     55    103    214    144     56     34     70     25 
 10797   9857  11200  10817  10588  12229  11416  14049  14799  18934  10330  10215  13431  12833  10580   9733  12104  11138  10400 
 17236  13361     86    168  11200  12229   9857  10588  10797  10817  18934  14799  14049  13431  12104  12833  11138  10580  10400   9733  10215  10330  11416  11527  26204      0      0  65535 
     0      0      0      0      0      0      0      0      0      0      0      0      0      0      0      0      0      0      0 
     0      0      0      0      0      0      0      0      0      0      0      0      0      0      0      0      0      0      0 
     0      0      0      0      0      0      0      0      0      0      0      0      0      0      0      0      0      0      0 
0 -1 -1
    39     75     88     51    253    234     80     66    162    255    157     54    104    214    144     55     34     70     25 
 10836   9894  11232  10850  10615  12256  11417  14082  14828  18944  10318  10202  13447  12835  10573   9714  12105  11122  10381 
 17236  13361     86    168  11232  12256   9894  10615  10836  10850  18944  14828  14082  13447  12105  12835  11122  10573  10381   9714  10202  10318  11417  11516  26203      0      0  65535 
     0      0      0      0      0      0      0      0      0      0      0      0      0      0      0      0      0      0      0 
     0      0      0      0      0      0      0      0      0      0      0      0      0      0      0      0      0      0      0 
     0      0      0      0      0      0      0      0      0      0      0      0      0      0      0      0      0      0      0 
0 -1 -1
    40     76     88     52    254    234     80     67    163    255    156     54    104    214    143     55     34     69     24 
 10855   9912  11240  10862  10625  12263  11415  14097  14841  18936  10311  10194  13451  12836  10570   9705  12102  11112  10373 
 17236  13361     86    168  11240  12263   9912  10625  10855  10862  18936  14841  14097  13451  12102  12836  11112  10570  10373   9705  10194  10311  11415  11512  26210      0      0  65535 
     0      0      0      0      0      0      0      0      0      0      0      0      0      0      0      0      0      0      0 
     0      0      0      0      0      0      0      0      0      0      0      0      0      0      0      0      0      0      0 
     0      0      0      0      0      0      0      0      0      0      0      0      0      0      0      0      0      0      0 
0 -1 -1
    40     76     88     52    254    234     80     67    163    255    157     54    105    215    144     55     34     70     25 
 10853   9910  11242  10865  10621  12260  11420  14102  14842  18954  10317  10202  13462  12844  10578   9714  12117  11126  10385 
 17236  13361     86    168  11242  12260   9910  10621  10853  10865  18954  14842  14102  13462  12117  12844  11126  10578  10385   9714  10202  10317  11420  11514  26218      0      0  65535 
     0      0      0      0      0      0      0      0      0      0      0      0      0      0      0      0      0      0      0 
     0      0      0      0      0      0      0      0      0      0      0      0      0      0      0      0      0      0      0 
     0      0      0      0      0      0      0      0      0      0      0      0      0      0      0      0      0      0      0 
0 -1 -1
    40     76     88     52    255    234     80     67    164    255    156     54    105    215    144     54     34     69     24 
 10865   9923  11247  10873  10632  12263  11420  14111  14847  18945  10312  10194  13466  12843  10574   9704  12112  11116  10374 
 17236  13361     86    168  11247  12263   9923  10632  10865  10873  18945  14847  14111  13466  12112  12843  11116  10574  10374   9704  10194  10312  11420  11549  26230      0      0  65535 
     0      0      0      0      0      0      0      0      0      0      0      0      0      0      0      0      0      0      0 
     0      0      0      0      0      0      0      0      0      0      0      0      0      0      0      0      0      0      0 
     0      0      0      0      0      0      0      0      0      0      0      0      0      0      0      0      0      0      0 
0 -1 -1
    41     77     90     53    255    237     80     68    166    255    157     54    106    216    145     54     35     69     24 
 10891   9950  11274  10892  10660  12295  11432  14137  14875  18988  10320  10201  13483  12850  10586   9702  12121  11116  10371 
 17236  13361     86    168  11274  12295   9950  10660  10891  10892  18988  14875  14137  13483  12121  12850  11116  10586  10371   9702  10201  10320  11432  11567  26241      0      0  65535 
     0      0      0      0      0      0      0      0      0      0      0      0      0      0      0      0      0      0      0 
     0      0      0      0      0      0      0      0      0      0      0      0      0      0      0      0      0      0      0 
     0      0      0      0      0      0      0      0      0      0      0      0      0      0      0      0      0      0      0 
0 -1 -1
    41     78     90     53    255    237     81     68    167    255    158     55    107    217    146     55     35     70     25 
 10897   9957  11279  10893  10670  12296  11442  14147  14886  19018  10330  10209  13499  12862  10599   9713  12132  11127  10382 
 17236  13361     86    168  11279  12296   9957  10670  10897  10893  19018  14886  14147  13499  12132  12862  11127  10599  10382   9713  10209  10330  11442  11559  26245      0      0  65535 
     0      0      0      0      0      0      0      0      0      0      0      0      0      0      0      0      0      0      0 
     0      0      0      0      0      0      0      0      0      0      0      0      0      0      0      0      0      0      0 
     0      0      0      0      0      0      0      0      0      0      0      0      0      0      0      0      0      0      0 
0 -1 -1
    41     77     89     53    255    236     81     68    166    255    158     54    106    216    146     55     35     70     25 
 10888   9947  11269  10887  10660  12288  11434  14136  14876  19002  10325  10205  13493  12857  10596   9711  12132  11129  10384 
 17236  13361     86    168  11269  12288   9947  10660  10888  10887  19002  14876  14136  13493  12132  12857  11129  10596  10384   9711  10205  10325  11434  11549  26237      0      0  65535 
     0      0      0      0      0      0      0      0      0      0      0      0      0      0      0      0      0      0      0 
     0      0      0      0      0      0      0      0      0      0      0      0      0      0      0      0      0      0      0 
     0      0      0      0      0      0      0      0      0      0      0      0      0      0      0      0      0      0      0 
0 -1 -1
    40     76     88     52    255    233     78     67    162    255    153     53    104    212    142     53     34     68     24 
 10864   9919  11238  10866  10630  12246  11387  14094  14832  18905  10275  10164  13455  12813  10559   9682  12102  11100  10362 
 17236  13361     86    168  11238  12246   9919  10630  10864  10866  18905  14832  14094  13455  12102  12813  11100  10559  10362   9682  10164  10275  11387  11546  26246      0      0  65535 
     0      0      0      0      0      0      0      0      0      0      0      0      0      0      0      0      0      0      0 
     0      0      0      0      0      0      0      0      0      0      0      0      0      0      0      0      0      0      0 
     0      0      0      0      0      0      0      0      0      0      0      0      0      0      0      0      0      0      0 
0 -1 -1
    26     50     61     32    165    158     41     40    100    255     81     27     64    127     83     29     21     40     14 
 10314   9358  10657  10444   9975  11423  10649  13217  13998  17057   9516   9515  12667  11987   9875   9229  11515  10546   9986 
 17236  13361     86    168  10657  11423   9358   9975  10314  10444  17057  13998  13217  12667  11515  11987  10546   9875   9986   9229   9515   9516  10649  11550  26239      0      0  65535 
     0      0      0      0      0      0      0      0      0      0      0      0      0      0      0      0      0      0      0 
     0      0      0      0      0      0      0      0      0      0      0      0      0      0      0      0      0      0      0 
     0      0      0      0      0      0      0      0      0      0      0      0      0      0      0      0      0      0      0 
0 -1 -1
     0      0      0      0      0      0      0      0      0      0      0      0      0      0      0      0      0      0      0 
  9033   7961   9213   9589   8379   9324   9386  11367  12102  13070   8274   8534  11100  10297   8616   8578  10570   9716   9430 
 17236  13361     86    171   9213   9324   7961   8379   9033   9589  13070  12102  11367  11100  10570  10297   9716   8616   9430   8578   8534   8274   9386  11539  26233      0      0  65535 
     0      0      0      0      0      0      0      0      0      0      0      0      0      0      0      0      0      0      0 
     0      0      0      0      0      0      0      0      0      0      0      0      0      0      0      0      0      0      0 
     0      0      0      0      0      0      0      0      0      0      0      0      0      0      0      0      0      0      0 
0 -1 -1
     0      0      0      0      0      0      0      0      0      0      0      0      0      0      0      0      0      0      0 
  8256   7034   8173   9007   7430   7847   8460  10008  10615  10390   7335   7872   9941   9005   7765   8115   9859   9114   9042 
 17236  13361     86    172   8173   7847   7034   7430   8256   9007  10390  10615  10008   9941   9859   9005   9114   7765   9042   8115   7872   7335   8460  11534  26229      0      0  65535 
     0      0      0      0      0      0      0      0      0      0      0      0      0      0      0      0      0      0      0 
     0      0      0      0      0      0      0      0      0      0      0      0      0      0      0      0      0      0      0 
     0      0      0      0      0      0      0      0      0      0      0      0      0      0      0      0      0      0      0 
0 -1 -1
     0      0      0      0      0      0      0      0      0      0      0      0      0      0      0      0      0      0      0 
  7833   6523   7592   8642   6919   6867   7864   9003   9394   8349   6653   7543   9096   7983   7263   7847   9346   8744   8836 
 17236  13361     86    174   7592   6867   6523   6919   7833   8642   8349   9394   9003   9096   9346   7983   8744   7263   8836   7847   7543   6653   7864  11536  26221      0      0  65535 
     0      0      0      0      0      0      0      0      0      0      0      0      0      0      0      0      0      0      0 
     0      0      0      0      0      0      0      0      0      0      0      0      0      0      0      0      0      0      0 
     0      0      0      0      0      0      0      0      0      0      0      0      0      0      0      0      0      0      0 
0 -1 -1
     0      0      0      0      0      0      0      0      0      0      0      0      0      0      0      0      0      0      0 
  7630   6290   7327   8475   6700   6380   7614   8457   8764   7424   6368   7404   8743   7532   7084   7739   9152   8605   8767 
 17236  13361     86    174   7327   6380   6290   6700   7630   8475   7424   8764   8457   8743   9152   7532   8605   7084   8767   7739   7404   6368   7614  11559  26223      0      0  65535 
     0      0      0      0      0      0      0      0      0      0      0      0      0      0      0      0      0      0      0 
     0      0      0      0      0      0      0      0      0      0      0      0      0      0      0      0      0      0      0 
     0      0      0      0      0      0      0      0      0      0      0      0      0      0      0      0      0      0      0 
0 -1 -1
