    61    134     86     94    255    198     80     40    246    255    255     69     65    181    255    140     39    103     53 
 10428   9894   9466  10846  10859   8851   9395   9906  12743  15460  10239   9461  10220   9665  11281  10958  11349  11140  11245 
 17236  13361     86    171   9466   8851   9894  10859  10428  10846  15460  12743   9906  10220  11349   9665  11140  11281  11245  10958   9461  10239   9395  11617  26248      0      0  65535 
     0      0      0      0      0      0      0      0      0      0      0      0      0      0      0      0      0      0      0 
     0      0      0      0      0      0      0      0      0      0      0      0      0      0      0      0      0      0      0 
     0      0      0      0      0      0      0      0      0      0      0      0      0      0      0      0      0      0      0 
0 -1 -1
    62    136     87     96    255    201     82     41    250    255    255     71     67    186    255    143     40    106     54 
 10474   9934   9500  10891  10918   8890   9438   9944  12804  15601  10320   9510  10257   9713  11353  11025  11392  11196  11304 
 17236  13361     86    171   9500   8890   9934  10918  10474  10891  15601  12804   9944  10257  11392   9713  11196  11353  11304  11025   9510  10320   9438  11613  26257      0      0  65535 
     0      0      0      0      0      0      0      0      0      0      0      0      0      0      0      0      0      0      0 
     0      0      0      0      0      0      0      0      0      0      0      0      0      0      0      0      0      0      0 
     0      0      0      0      0      0      0      0      0      0      0      0      0      0      0      0      0      0      0 
0 -1 -1
    65    142     91    100    255    210     86     44    255    255    255     75     70    195    255    150     41    110     57 
 10581  10053   9584  10988  11059   8990   9526  10014  12931  15906  10479   9610  10319   9796  11501  11152  11466  11287  11400 
 17236  13361     86    171   9584   8990  10053  11059  10581  10988  15906  12931  10014  10319  11466   9796  11287  11501  11400  11152   9610  10479   9526  11571  26238      0      0  65535 
     0      0      0      0      0      0      0      0      0      0      0      0      0      0      0      0      0      0      0 
     0      0      0      0      0      0      0      0      0      0      0      0      0      0      0      0      0      0      0 
     0      0      0      0      0      0      0      0      0      0      0      0      0      0      0      0      0      0      0 
0 -1 -1
    69    149     96    106    255    222     91     46    255    255    255     80     74    205    255    158     43    116     60 
 10726  10207   9697  11116  11245   9122   9628  10105  13092  16289  10660   9723  10399   9895  11679  11294  11550  11389  11512 
 17236  13361     86    171   9697   9122  10207  11245  10726  11116  16289  13092  10105  10399  11550   9895  11389  11679  11512  11294   9723  10660   9628  11585  26236      0      0  65535 
     0      0      0      0      0      0      0      0      0      0      0      0      0      0      0      0      0      0      0 
     0      0      0      0      0      0      0      0      0      0      0      0      0      0      0      0      0      0      0 
     0      0      0      0      0      0      0      0      0      0      0      0      0      0      0      0      0      0      0 
0 -1 -1
    70    150     98    108    255    225     92     47    255    255    255     80     75    206    255    159     44    116     60 
 10753  10246   9719  11141  11289   9152   9645  10119  13128  16370  10679   9742  10413   9909  11712  11318  11558  11402  11528 
 17236  13361     86    171   9719   9152  10246  11289  10753  11141  16370  13128  10119  10413  11558   9909  11402  11712  11528  11318   9742  10679   9645  11588  26238      0      0  65535 
     0      0      0      0      0      0      0      0      0      0      0      0      0      0      0      0      0      0      0 
     0      0      0      0      0      0      0      0      0      0      0      0      0      0      0      0      0      0      0 
     0      0      0      0      0      0      0      0      0      0      0      0      0      0      0      0      0      0      0 
0 -1 -1
    72    154    100    111    255    231     96     48    255    255    255     83     77    213    255    164     45    120     62 
 10828  10331   9779  11202  11388   9221   9711  10176  13223  16594  10799   9819  10468   9979  11830  11411  11615  11478  11606 
 17236  13361     86    171   9779   9221  10331  11388  10828  11202  16594  13223  10176  10468  11615   9979  11478  11830  11606  11411   9819  10799   9711  11583  26239      0      0  65535 
     0      0      0      0      0      0      0      0      0      0      0      0      0      0      0      0      0      0      0 
     0      0      0      0      0      0      0      0      0      0      0      0      0      0      0      0      0      0      0 
     0      0      0      0      0      0      0      0      0      0      0      0      0      0      0      0      0      0      0 
0 -1 -1
    72    156    102    112    255    234     96     49    255    255    255     84     78    216    255    165     45    121     63 
 10853  10373   9810  11225  11433   9257   9728  10196  13257  16678  10830   9839  10487  10003  11862  11435  11631  11498  11631 
 17236  13361     86    171   9810   9257  10373  11433  10853  11225  16678  13257  10196  10487  11631  10003  11498  11862  11631  11435   9839  10830   9728  11577  26237      0      0  65535 
     0      0      0      0      0      0      0      0      0      0      0      0      0      0      0      0      0      0      0 
     0      0      0      0      0      0      0      0      0      0      0      0      0      0      0      0      0      0      0 
     0      0      0      0      0      0      0      0      0      0      0      0      0      0      0      0      0      0      0 
0 -1 -1
    72    156    101    111    255    233     96     49    255    255    255     84     78    215    255    164     45    120     62 
 10841  10361   9803  11212  11421   9248   9719  10185  13243  16640  10810   9828  10479   9991  11832  11411  11617  11485  11618 
 17236  13361     86    171   9803   9248  10361  11421  10841  11212  16640  13243  10185  10479  11617   9991  11485  11832  11618  11411   9828  10810   9719  11571  26241      0      0  65535 
     0      0      0      0      0      0      0      0      0      0      0      0      0      0      0      0      0      0      0 
     0      0      0      0      0      0      0      0      0      0      0      0      0      0      0      0      0      0      0 
     0      0      0      0      0      0      0      0      0      0      0      0      0      0      0      0      0      0      0 
0 -1 -1
    71    155    101    110    255    232     95     48    255    255    255     83     78    213    255    162     45    120     62 
 10825  10343   9792  11201  11405   9234   9710  10177  13226  16598  10787   9815  10471   9978  11808  11387  11605  11467  11605 
 17236  13361     86    171   9792   9234  10343  11405  10825  11201  16598  13226  10177  10471  11605   9978  11467  11808  11605  11387   9815  10787   9710  11582  26249      0      0  65535 
     0      0      0      0      0      0      0      0      0      0      0      0      0      0      0      0      0      0      0 
     0      0      0      0      0      0      0      0      0      0      0      0      0      0      0      0      0      0      0 
     0      0      0      0      0      0      0      0      0      0      0      0      0      0      0      0      0      0      0 
0 -1 -1
    71    154    101    110    255    231     95     48    255    255    255     83     77    212    255    162     44    119     62 
 10817  10325   9784  11196  11395   9220   9703  10172  13215  16573  10771   9805  10465   9967  11789  11370  11591  11452  11592 
 17236  13361     86    171   9784   9220  10325  11395  10817  11196  16573  13215  10172  10465  11591   9967  11452  11789  11592  11370   9805  10771   9703  11591  26242      0      0  65535 
     0      0      0      0      0      0      0      0      0      0      0      0      0      0      0      0      0      0      0 
     0      0      0      0      0      0      0      0      0      0      0      0      0      0      0      0      0      0      0 
     0      0      0      0      0      0      0      0      0      0      0      0      0      0      0      0      0      0      0 
0 -1 -1
    71    154    100    110    255    231     95     48    255    255    255     83     77    212    255    162     44    119     62 
 10812  10319   9779  11193  11390   9218   9703  10174  13214  16570  10773   9807  10466   9969  11790  11372  11591  11453  11598 
 17236  13361     86    171   9779   9218  10319  11390  10812  11193  16570  13214  10174  10466  11591   9969  11453  11790  11598  11372   9807  10773   9703  11576  26231      0      0  65535 
     0      0      0      0      0      0      0      0      0      0      0      0      0      0      0      0      0      0      0 
     0      0      0      0      0      0      0      0      0      0      0      0      0      0      0      0      0      0      0 
     0      0      0      0      0      0      0      0      0      0      0      0      0      0      0      0      0      0      0 
0 -1 -1
    73    156    102    113    255    235     98     50    255    255    255     85     80    218    255    166     46    122     64 
 10871  10379   9823  11253  11461   9269   9754  10227  13287  16751  10868   9869  10518  10026  11886  11447  11646  11514  11663 
 17236  13361     86    171   9823   9269  10379  11461  10871  11253  16751  13287  10227  10518  11646  10026  11514  11886  11663  11447   9869  10868   9754  11575  26235      0      0  65535 
     0      0      0      0      0      0      0      0      0      0      0      0      0      0      0      0      0      0      0 
     0      0      0      0      0      0      0      0      0      0      0      0      0      0      0      0      0      0      0 
     0      0      0      0      0      0      0      0      0      0      0      0      0      0      0      0      0      0      0 
0 -1 -1
    74    158    104    115    255    239     98     51    255    255    255     86     81    221    255    167     46    123     64 
 10914  10423   9857  11288  11510   9306   9767  10252  13327  16843  10895   9887  10543  10050  11919  11471  11665  11537  11686 
 17236  13361     86    171   9857   9306  10423  11510  10914  11288  16843  13327  10252  10543  11665  10050  11537  11919  11686  11471   9887  10895   9767  11591  26250      0      0  65535 
     0      0      0      0      0      0      0      0      0      0      0      0      0      0      0      0      0      0      0 
     0      0      0      0      0      0      0      0      0      0      0      0      0      0      0      0      0      0      0 
     0      0      0      0      0      0      0      0      0      0      0      0      0      0      0      0      0      0      0 
0 -1 -1
    74    158    104    114    255    238     98     50    255    255    255     86     81    219    255    166     45    122     64 
 10904  10414   9848  11275  11492   9294   9757  10238  13306  16798  10878   9876  10528  10034  11888  11449  11637  11512  11663 
 17236  13361     86    171   9848   9294  10414  11492  10904  11275  16798  13306  10238  10528  11637  10034  11512  11888  11663  11449   9876  10878   9757  11576  26244      0      0  65535 
     0      0      0      0      0      0      0      0      0      0      0      0      0      0      0      0      0      0      0 
     0      0      0      0      0      0      0      0      0      0      0      0      0      0      0      0      0      0      0 
     0      0      0      0      0      0      0      0      0      0      0      0      0      0      0      0      0      0      0 
0 -1 -1
    73    157    103    113    255    237     97     50    255    255    255     85     80    217    255    164     45    121     63 
 10889  10400   9837  11262  11474   9284   9749  10225  13288  16749  10856   9862  10514  10014  11859  11425  11617  11489  11643 
 17236  13361     86    171   9837   9284  10400  11474  10889  11262  16749  13288  10225  10514  11617  10014  11489  11859  11643  11425   9862  10856   9749  11578  26242      0      0  65535 
     0      0      0      0      0      0      0      0      0      0      0      0      0      0      0      0      0      0      0 
     0      0      0      0      0      0      0      0      0      0      0      0      0      0      0      0      0      0      0 
     0      0      0      0      0      0      0      0      0      0      0      0      0      0      0      0      0      0      0 
0 -1 -1
    73    156    102    113    255    235     96     50    255    255    255     84     80    216    255    163     45    120     63 
 10873  10377   9820  11252  11455   9268   9729  10221  13274  16704  10827   9842  10511  10008  11836  11403  11616  11478  11632 
 17236  13361     86    171   9820   9268  10377  11455  10873  11252  16704  13274  10221  10511  11616  10008  11478  11836  11632  11403   9842  10827   9729  11580  26242      0      0  65535 
     0      0      0      0      0      0      0      0      0      0      0      0      0      0      0      0      0      0      0 
     0      0      0      0      0      0      0      0      0      0      0      0      0      0      0      0      0      0      0 
     0      0      0      0      0      0      0      0      0      0      0      0      0      0      0      0      0      0      0 
0 -1 -1
    72    154    100    111    255    231     94     49    255    255    255     82     79    213    255    160     44    118     62 
 10830  10326   9780  11217  11403   9224   9683  10195  13232  16584  10749   9789  10489   9975  11774  11346  11592  11444  11594 
 17236  13361     86    171   9780   9224  10326  11403  10830  11217  16584  13232  10195  10489  11592   9975  11444  11774  11594  11346   9789  10749   9683  11584  26248      0      0  65535 
     0      0      0      0      0      0      0      0      0      0      0      0      0      0      0      0      0      0      0 
     0      0      0      0      0      0      0      0      0      0      0      0      0      0      0      0      0      0      0 
     0      0      0      0      0      0      0      0      0      0      0      0      0      0      0      0      0      0      0 
0 -1 -1
    65    142     90    100    255    212     85     43    255    255    255     73     69    192    255    145     39    106     55 
 10576  10071   9562  10989  11132   9015   9509   9993  12980  15974  10440   9550  10303   9774  11444  11056  11364  11201  11342 
 17236  13361     86    171   9562   9015  10071  11132  10576  10989  15974  12980   9993  10303  11364   9774  11201  11444  11342  11056   9550  10440   9509  11585  26249      0      0  65535 
     0      0      0      0      0      0      0      0      0      0      0      0      0      0      0      0      0      0      0 
     0      0      0      0      0      0      0      0      0      0      0      0      0      0      0      0      0      0      0 
     0      0      0      0      0      0      0      0      0      0      0      0      0      0      0      0      0      0      0 
0 -1 -1
    60    133     82     93    255    198     79     39    250    255    255     67     63    179    255    135     36     98     51 
 10382   9874   9386  10823  10938   8859   9390   9862  12804  15567  10238   9395  10182   9641  11228  10861  11213  11038  11176 
 17236  13361     86    171   9386   8859   9874  10938  10382  10823  15567  12804   9862  10182  11213   9641  11038  11228  11176  10861   9395  10238   9390  11581  26247      0      0  65535 
     0      0      0      0      0      0      0      0      0      0      0      0      0      0      0      0      0      0      0 
     0      0      0      0      0      0      0      0      0      0      0      0      0      0      0      0      0      0      0 
     0      0      0      0      0      0      0      0      0      0      0      0      0      0      0      0      0      0      0 
0 -1 -1
    55    124     75     84    255    184     73     35    234    255    255     61     56    163    255    124     32     88     46 
 10191   9675   9231  10650  10710   8696   9267   9725  12592  15078  10007   9238  10052   9487  10972  10654  11061  10855  11000 
 17236  13361     86    172   9231   8696   9675  10710  10191  10650  15078  12592   9725  10052  11061   9487  10855  10972  11000  10654   9238  10007   9267  11578  26244      0      0  65535 
     0      0      0      0      0      0      0      0      0      0      0      0      0      0      0      0      0      0      0 
     0      0      0      0      0      0      0      0      0      0      0      0      0      0      0      0      0      0      0 
     0      0      0      0      0      0      0      0      0      0      0      0      0      0      0      0      0      0      0 
0 -1 -1
    47    109     64     71    255    159     61     28    205    255    242     49     45    135    224    103     26     72     38 
  9870   9340   8995  10359  10314   8423   9016   9504  12209  14241   9543   8954   9842   9207  10500  10259  10809  10533  10686 
 17236  13361     86    172   8995   8423   9340  10314   9870  10359  14241  12209   9504   9842  10809   9207  10533  10500  10686  10259   8954   9543   9016  11581  26235      0      0  65535 
     0      0      0      0      0      0      0      0      0      0      0      0      0      0      0      0      0      0      0 
     0      0      0      0      0      0      0      0      0      0      0      0      0      0      0      0      0      0      0 
     0      0      0      0      0      0      0      0      0      0      0      0      0      0      0      0      0      0      0 
0 -1 -1
    24     63     34     35    232     87     27     12    120    255    121     21     20     61    109     47     12     30     17 
  8988   8321   8344   9599   9111   7631   8338   8963  11078  11886   8262   8231   9348   8485   9185   9191  10192   9718   9885 
 17236  13361     86    173   8344   7631   8321   9111   8988   9599  11886  11078   8963   9348  10192   8485   9718   9185   9885   9191   8231   8262   8338  11610  26262      0      0  65535 
     0      0      0      0      0      0      0      0      0      0      0      0      0      0      0      0      0      0      0 
     0      0      0      0      0      0      0      0      0      0      0      0      0      0      0      0      0      0      0 
     0      0      0      0      0      0      0      0      0      0      0      0      0      0      0      0      0      0      0 
0 -1 -1
     0      0      0      0      0      0      0      0      0      0      0      0      0      0      0      0      0      0      0 
  7947   6899   7602   8740   7413   6652   7714   8400   9379   8772   6797   7570   8844   7720   7615   8082   9451   8886   9039 
 17236  13361     86    174   7602   6652   6899   7413   7947   8740   8772   9379   8400   8844   9451   7720   8886   7615   9039   8082   7570   6797   7714  11630  26250      0      0  65535 
     0      0      0      0      0      0      0      0      0      0      0      0      0      0      0      0      0      0      0 
     0      0      0      0      0      0      0      0      0      0      0      0      0      0      0      0      0      0      0 
     0      0      0      0      0      0      0      0      0      0      0      0      0      0      0      0      0      0      0 
0 -1 -1
     0      0      0      0      0      0      0      0      0      0      0      0      0      0      0      0      0      0      0 
  7531   6245   7261   8390   6664   6251   7522   8170   8587   7321   6283   7343   8649   7422   7039   7701   9085   8579   8749 
 17236  13361     86    175   7261   6251   6245   6664   7531   8390   7321   8587   8170   8649   9085   7422   8579   7039   8749   7701   7343   6283   7522  11579  26240      0      0  65535 
     0      0      0      0      0      0      0      0      0      0      0      0      0      0      0      0      0      0      0 
     0      0      0      0      0      0      0      0      0      0      0      0      0      0      0      0      0      0      0 
     0      0      0      0      0      0      0      0      0      0      0      0      0      0      0      0      0      0      0 
0 -1 -1
     0      0      0      0      0      0      0      0      0      0      0      0      0      0      0      0      0      0      0 
  7491   6196   7212   8357   6627   6216   7500   8149   8550   7272   6267   7322   8626   7404   7018   7679   9058   8557   8725 
 17236  13361     86    175   7212   6216   6196   6627   7491   8357   7272   8550   8149   8626   9058   7404   8557   7018   8725   7679   7322   6267   7500  11581  26238      0      0  65535 
     0      0      0      0      0      0      0      0      0      0      0      0      0      0      0      0      0      0      0 
     0      0      0      0      0      0      0      0      0      0      0      0      0      0      0      0      0      0      0 
     0      0      0      0      0      0      0      0      0      0      0      0      0      0      0      0      0      0      0 
0 -1 -1
     0      0      0      0      0      0      0      0      0      0      0      0      0      0      0      0      0      0      0 
  7488   6187   7202   8349   6621   6212   7495   8151   8542   7265   6263   7316   8621   7395   7015   7674   9048   8550   8722 
 17236  13361     86    175   7202   6212   6187   6621   7488   8349   7265   8542   8151   8621   9048   7395   8550   7015   8722   7674   7316   6263   7495  11573  26231      0      0  65535 
     0      0      0      0      0      0      0      0      0      0      0      0      0      0      0      0      0      0      0 
     0      0      0      0      0      0      0      0      0      0      0      0      0      0      0      0      0      0      0 
     0      0      0      0      0      0      0      0      0      0      0      0      0      0      0      0      0      0      0 
0 -1 -1
     0      0      0      0      0      0      0      0      0      0      0      0      0      0      0      0      0      0      0 
  7486   6186   7201   8350   6618   6211   7494   8149   8538   7263   6261   7316   8621   7394   7015   7673   9047   8549   8722 
 17236  13361     86    175   7201   6211   6186   6618   7486   8350   7263   8538   8149   8621   9047   7394   8549   7015   8722   7673   7316   6261   7494  11546  26237      0      0  65535 
     0      0      0      0      0      0      0      0      0      0      0      0      0      0      0      0      0      0      0 
     0      0      0      0      0      0      0      0      0      0      0      0      0      0      0      0      0      0      0 
     0      0      0      0      0      0      0      0      0      0      0      0      0      0      0      0      0      0      0 
0 -1 -1
     0      0      0      0      0      0      0      0      0      0      0      0      0      0      0      0      0      0      0 
  7486   6186   7200   8349   6616   6210   7493   8148   8539   7261   6261   7316   8621   7397   7013   7674   9048   8549   8722 
 17236  13361     86    175   7200   6210   6186   6616   7486   8349   7261   8539   8148   8621   9048   7397   8549   7013   8722   7674   7316   6261   7493  11552  26231      0      0  65535 
     0      0      0      0      0      0      0      0      0      0      0      0      0      0      0      0      0      0      0 
     0      0      0      0      0      0      0      0      0      0      0      0      0      0      0      0      0      0      0 
     0      0      0      0      0      0      0      0      0      0      0      0      0      0      0      0      0      0      0 
0 -1 -1
