    54     65     43     88    255    165     93     66    232    255    255     79    112    255    227    148     38     67     64 
 10705   8262   8486  11191   9589   8925  10260  11829  13708  17542  11098  10290  12079  11610  11589  12403  11925  10559  12935 
 17236  13361     86    170   8486   8925   8262   9589  10705  11191  17542  13708  11829  12079  11925  11610  10559  11589  12935  12403  10290  11098  10260  11593  26248      0      0  65535 
     0      0      0      0      0      0      0      0      0      0      0      0      0      0      0      0      0      0      0 
     0      0      0      0      0      0      0      0      0      0      0      0      0      0      0      0      0      0      0 
     0      0      0      0      0      0      0      0      0      0      0      0      0      0      0      0      0      0      0 
0 -1 -1
    55     66     43     90    255    167     94     68    235    255    255     80    115    255    230    149     39     68     65 
 10743   8288   8497  11241   9619   8941  10286  11886  13753  17640  11129  10311  12128  11629  11616  12426  11962  10582  12977 
 17236  13361     86    170   8497   8941   8288   9619  10743  11241  17640  13753  11886  12128  11962  11629  10582  11616  12977  12426  10311  11129  10286  11574  26244      0      0  65535 
     0      0      0      0      0      0      0      0      0      0      0      0      0      0      0      0      0      0      0 
     0      0      0      0      0      0      0      0      0      0      0      0      0      0      0      0      0      0      0 
     0      0      0      0      0      0      0      0      0      0      0      0      0      0      0      0      0      0      0 
0 -1 -1
    57     71     46     94    255    172     98     70    241    255    255     83    119    255    236    154     40     70     68 
 10837   8384   8544  11325   9700   8995  10356  11971  13826  17829  11200  10395  12200  11682  11686  12511  12023  10616  13083 
 17236  13361     86    169   8544   8995   8384   9700  10837  11325  17829  13826  11971  12200  12023  11682  10616  11686  13083  12511  10395  11200  10356  11555  26234      0      0  65535 
     0      0      0      0      0      0      0      0      0      0      0      0      0      0      0      0      0      0      0 
     0      0      0      0      0      0      0      0      0      0      0      0      0      0      0      0      0      0      0 
     0      0      0      0      0      0      0      0      0      0      0      0      0      0      0      0      0      0      0 
0 -1 -1
    57     72     46     94    255    173    100     70    242    255    255     85    119    255    240    157     40     71     69 
 10844   8403   8548  11323   9722   9014  10398  11974  13843  17921  11240  10443  12205  11711  11729  12569  12021  10635  13115 
 17236  13361     86    169   8548   9014   8403   9722  10844  11323  17921  13843  11974  12205  12021  11711  10635  11729  13115  12569  10443  11240  10398  11578  26240      0      0  65535 
     0      0      0      0      0      0      0      0      0      0      0      0      0      0      0      0      0      0      0 
     0      0      0      0      0      0      0      0      0      0      0      0      0      0      0      0      0      0      0 
     0      0      0      0      0      0      0      0      0      0      0      0      0      0      0      0      0      0      0 
0 -1 -1
    59     74     48     97    255    179    103     73    251    255    255     88    124    255    250    163     42     75     72 
 10924   8450   8585  11390   9800   9080  10468  12072  13966  18227  11339  10522  12305  11834  11846  12687  12111  10710  13215 
 17236  13361     86    169   8585   9080   8450   9800  10924  11390  18227  13966  12072  12305  12111  11834  10710  11846  13215  12687  10522  11339  10468  11552  26249      0      0  65535 
     0      0      0      0      0      0      0      0      0      0      0      0      0      0      0      0      0      0      0 
     0      0      0      0      0      0      0      0      0      0      0      0      0      0      0      0      0      0      0 
     0      0      0      0      0      0      0      0      0      0      0      0      0      0      0      0      0      0      0 
0 -1 -1
    61     75     49    101    255    184    105     77    255    255    255     90    129    255    255    166     44     78     73 
 11001   8485   8607  11468   9868   9128  10495  12188  14085  18479  11396  10555  12412  11946  11932  12753  12199  10768  13283 
 17236  13361     86    169   8607   9128   8485   9868  11001  11468  18479  14085  12188  12412  12199  11946  10768  11932  13283  12753  10555  11396  10495  11559  26255      0      0  65535 
     0      0      0      0      0      0      0      0      0      0      0      0      0      0      0      0      0      0      0 
     0      0      0      0      0      0      0      0      0      0      0      0      0      0      0      0      0      0      0 
     0      0      0      0      0      0      0      0      0      0      0      0      0      0      0      0      0      0      0 
0 -1 -1
    62     76     49    102    255    186    106     77    255    255    255     91    131    255    255    168     45     79     74 
 11032   8503   8621  11492   9895   9154  10521  12217  14126  18577  11432  10580  12440  11975  11960  12785  12222  10783  13307 
 17236  13361     86    169   8621   9154   8503   9895  11032  11492  18577  14126  12217  12440  12222  11975  10783  11960  13307  12785  10580  11432  10521  11570  26238      0      0  65535 
     0      0      0      0      0      0      0      0      0      0      0      0      0      0      0      0      0      0      0 
     0      0      0      0      0      0      0      0      0      0      0      0      0      0      0      0      0      0      0 
     0      0      0      0      0      0      0      0      0      0      0      0      0      0      0      0      0      0      0 
0 -1 -1
    63     77     50    104    255    189    108     79    255    255    255     93    133    255    255    171     45     80     75 
 11075   8528   8644  11529   9932   9187  10565  12258  14180  18720  11494  10628  12482  12010  12009  12840  12256  10815  13350 
 17236  13361     86    169   8644   9187   8528   9932  11075  11529  18720  14180  12258  12482  12256  12010  10815  12009  13350  12840  10628  11494  10565  11561  26235      0      0  65535 
     0      0      0      0      0      0      0      0      0      0      0      0      0      0      0      0      0      0      0 
     0      0      0      0      0      0      0      0      0      0      0      0      0      0      0      0      0      0      0 
     0      0      0      0      0      0      0      0      0      0      0      0      0      0      0      0      0      0      0 
0 -1 -1
    64     78     51    105    255    191    109     79    255    255    255     93    134    255    255    172     46     81     75 
 11095   8542   8657  11552   9951   9206  10575  12280  14205  18786  11508  10641  12505  12027  12024  12855  12270  10827  13363 
 17236  13361     86    169   8657   9206   8542   9951  11095  11552  18786  14205  12280  12505  12270  12027  10827  12024  13363  12855  10641  11508  10575  11551  26237      0      0  65535 
     0      0      0      0      0      0      0      0      0      0      0      0      0      0      0      0      0      0      0 
     0      0      0      0      0      0      0      0      0      0      0      0      0      0      0      0      0      0      0 
     0      0      0      0      0      0      0      0      0      0      0      0      0      0      0      0      0      0      0 
0 -1 -1
    64     79     51    106    255    192    111     81    255    255    255     95    136    255    255    174     46     82     77 
 11126   8559   8668  11581   9973   9221  10609  12322  14247  18877  11560  10677  12545  12067  12064  12900  12304  10856  13405 
 17236  13361     86    169   8668   9221   8559   9973  11126  11581  18877  14247  12322  12545  12304  12067  10856  12064  13405  12900  10677  11560  10609  11579  26241      0      0  65535 
     0      0      0      0      0      0      0      0      0      0      0      0      0      0      0      0      0      0      0 
     0      0      0      0      0      0      0      0      0      0      0      0      0      0      0      0      0      0      0 
     0      0      0      0      0      0      0      0      0      0      0      0      0      0      0      0      0      0      0 
0 -1 -1
    68     83     54    112    255    201    116     84    255    255    255     99    142    255    255    181     48     86     79 
 11250   8649   8732  11692  10087   9318  10711  12443  14393  19252  11695  10785  12663  12196  12175  13025  12395  10927  13509 
 17236  13361     86    169   8732   9318   8649  10087  11250  11692  19252  14393  12443  12663  12395  12196  10927  12175  13509  13025  10785  11695  10711  11593  26249      0      0  65535 
     0      0      0      0      0      0      0      0      0      0      0      0      0      0      0      0      0      0      0 
     0      0      0      0      0      0      0      0      0      0      0      0      0      0      0      0      0      0      0 
     0      0      0      0      0      0      0      0      0      0      0      0      0      0      0      0      0      0      0 
0 -1 -1
    72     88     59    117    255    213    125     87    255    255    255    106    148    255    255    191     50     90     83 
 11406   8775   8829  11815  10236   9452  10889  12555  14555  19720  11920  10980  12779  12339  12320  13227  12479  11003  13660 
 17236  13361     86    169   8829   9452   8775  10236  11406  11815  19720  14555  12555  12779  12479  12339  11003  12320  13660  13227  10980  11920  10889  11591  26253      0      0  65535 
     0      0      0      0      0      0      0      0      0      0      0      0      0      0      0      0      0      0      0 
     0      0      0      0      0      0      0      0      0      0      0      0      0      0      0      0      0      0      0 
     0      0      0      0      0      0      0      0      0      0      0      0      0      0      0      0      0      0      0 
0 -1 -1
    74     92     62    120    255    221    129     88    255    255    255    111    150    255    255    197     51     92     85 
 11495   8851   8904  11866  10324   9544  10985  12587  14626  19989  12042  11101  12815  12395  12394  13344  12504  11038  13744 
 17236  13361     86    169   8904   9544   8851  10324  11495  11866  19989  14626  12587  12815  12504  12395  11038  12394  13744  13344  11101  12042  10985  11579  26244      0      0  65535 
     0      0      0      0      0      0      0      0      0      0      0      0      0      0      0      0      0      0      0 
     0      0      0      0      0      0      0      0      0      0      0      0      0      0      0      0      0      0      0 
     0      0      0      0      0      0      0      0      0      0      0      0      0      0      0      0      0      0      0 
0 -1 -1
    75     93     64    121    255    225    131     90    255    255    255    113    152    255    255    201     52     94     87 
 11533   8870   8932  11897  10365   9585  11014  12630  14680  20167  12101  11150  12861  12452  12455  13404  12551  11076  13797 
 17236  13361     86    168   8932   9585   8870  10365  11533  11897  20167  14680  12630  12861  12551  12452  11076  12455  13797  13404  11150  12101  11014  11613  26251      0      0  65535 
     0      0      0      0      0      0      0      0      0      0      0      0      0      0      0      0      0      0      0 
     0      0      0      0      0      0      0      0      0      0      0      0      0      0      0      0      0      0      0 
     0      0      0      0      0      0      0      0      0      0      0      0      0      0      0      0      0      0      0 
0 -1 -1
    73     89     61    119    255    219    125     89    255    255    255    108    151    255    255    194     51     92     85 
 11458   8797   8880  11846  10298   9522  10889  12595  14623  19969  11960  11021  12828  12401  12375  13282  12526  11045  13713 
 17236  13361     86    169   8880   9522   8797  10298  11458  11846  19969  14623  12595  12828  12526  12401  11045  12375  13713  13282  11021  11960  10889  11618  26255      0      0  65535 
     0      0      0      0      0      0      0      0      0      0      0      0      0      0      0      0      0      0      0 
     0      0      0      0      0      0      0      0      0      0      0      0      0      0      0      0      0      0      0 
     0      0      0      0      0      0      0      0      0      0      0      0      0      0      0      0      0      0      0 
0 -1 -1
    64     77     51    106    255    191    104     80    255    255    255     90    135    255    255    167     45     80     73 
 11112   8528   8663  11573   9975   9209  10482  12294  14222  18837  11409  10568  12525  12000  11921  12767  12255  10801  13269 
 17236  13361     86    169   8663   9209   8528   9975  11112  11573  18837  14222  12294  12525  12255  12000  10801  11921  13269  12767  10568  11409  10482  11613  26256      0      0  65535 
     0      0      0      0      0      0      0      0      0      0      0      0      0      0      0      0      0      0      0 
     0      0      0      0      0      0      0      0      0      0      0      0      0      0      0      0      0      0      0 
     0      0      0      0      0      0      0      0      0      0      0      0      0      0      0      0      0      0      0 
0 -1 -1
    44     53     34     73    226    138     74     53    192    255    215     63     89    207    173    118     27     50     48 
 10326   7996   8299  10864   9249   8621   9874  11382  13176  16466  10476   9865  11630  11034  10968  11839  11466  10215  12301 
 17236  13361     86    170   8299   8621   7996   9249  10326  10864  16466  13176  11382  11630  11466  11034  10215  10968  12301  11839   9865  10476   9874  11585  26252      0      0  65535 
     0      0      0      0      0      0      0      0      0      0      0      0      0      0      0      0      0      0      0 
     0      0      0      0      0      0      0      0      0      0      0      0      0      0      0      0      0      0      0 
     0      0      0      0      0      0      0      0      0      0      0      0      0      0      0      0      0      0      0 
0 -1 -1
    27     34     23     44    141     96     50     29    121    255    144     42     49    122    105     78     12     26     26 
  9666   7579   8048  10257   8633   8157   9407  10595  12237  14527   9738   9336  10831  10206  10183  11069  10815   9753  11500 
 17236  13361     86    171   8048   8157   7579   8633   9666  10257  14527  12237  10595  10831  10815  10206   9753  10183  11500  11069   9336   9738   9407  11661  26256      0      0  65535 
     0      0      0      0      0      0      0      0      0      0      0      0      0      0      0      0      0      0      0 
     0      0      0      0      0      0      0      0      0      0      0      0      0      0      0      0      0      0      0 
     0      0      0      0      0      0      0      0      0      0      0      0      0      0      0      0      0      0      0 
0 -1 -1
    14     19     12     26     76     57     25     16     71    224     78     20     25     64     50     39      4     11     11 
  9178   7238   7813   9869   8161   7727   8913  10161  11579  12964   9034   8778  10369   9636   9552  10330  10461   9464  10895 
 17236  13361     86    172   7813   7727   7238   8161   9178   9869  12964  11579  10161  10369  10461   9636   9464   9552  10895  10330   8778   9034   8913  11651  26257      0      0  65535 
     0      0      0      0      0      0      0      0      0      0      0      0      0      0      0      0      0      0      0 
     0      0      0      0      0      0      0      0      0      0      0      0      0      0      0      0      0      0      0 
     0      0      0      0      0      0      0      0      0      0      0      0      0      0      0      0      0      0      0 
0 -1 -1
     9     11      6     20     49     38     14     14     55    171     49     10     20     46     28     21      3      7      5 
  8987   7077   7694   9749   7968   7515   8681  10071  11363  12329   8735   8516  10266   9456   9305   9987  10384   9378  10664 
 17236  13361     86    173   7694   7515   7077   7968   8987   9749  12329  11363  10071  10266  10384   9456   9378   9305  10664   9987   8516   8735   8681  11625  26255      0      0  65535 
     0      0      0      0      0      0      0      0      0      0      0      0      0      0      0      0      0      0      0 
     0      0      0      0      0      0      0      0      0      0      0      0      0      0      0      0      0      0      0 
     0      0      0      0      0      0      0      0      0      0      0      0      0      0      0      0      0      0      0 
0 -1 -1
     3      4      2     11     19     21      1      7     29    109     12      0      8     15      0      0      0      0      0 
  8749   6915   7615   9555   7749   7334   8418   9844  11018  11584   8344   8244  10025   9150   8972   9583  10203   9236  10349 
 17236  13361     86    173   7615   7334   6915   7749   8749   9555  11584  11018   9844  10025  10203   9150   9236   8972  10349   9583   8244   8344   8418  11600  26250      0      0  65535 
     0      0      0      0      0      0      0      0      0      0      0      0      0      0      0      0      0      0      0 
     0      0      0      0      0      0      0      0      0      0      0      0      0      0      0      0      0      0      0 
     0      0      0      0      0      0      0      0      0      0      0      0      0      0      0      0      0      0      0 
0 -1 -1
     0      0      0      0      0      0      0      0      0      0      0      0      0      0      0      0      0      0      0 
  8230   6614   7455   9080   7279   6900   8005   9242  10118   9772   7562   7807   9441   8451   8196   8791   9762   8938   9682 
 17236  13361     86    173   7455   6900   6614   7279   8230   9080   9772  10118   9242   9441   9762   8451   8938   8196   9682   8791   7807   7562   8005  11599  26244      0      0  65535 
     0      0      0      0      0      0      0      0      0      0      0      0      0      0      0      0      0      0      0 
     0      0      0      0      0      0      0      0      0      0      0      0      0      0      0      0      0      0      0 
     0      0      0      0      0      0      0      0      0      0      0      0      0      0      0      0      0      0      0 
0 -1 -1
     0      0      0      0      0      0      0      0      0      0      0      0      0      0      0      0      0      0      0 
  7885   6426   7338   8734   6959   6565   7768   8775   9387   8341   6978   7550   9052   7949   7639   8238   9463   8754   9241 
 17236  13361     86    174   7338   6565   6426   6959   7885   8734   8341   9387   8775   9052   9463   7949   8754   7639   9241   8238   7550   6978   7768  11582  26239      0      0  65535 
     0      0      0      0      0      0      0      0      0      0      0      0      0      0      0      0      0      0      0 
     0      0      0      0      0      0      0      0      0      0      0      0      0      0      0      0      0      0      0 
     0      0      0      0      0      0      0      0      0      0      0      0      0      0      0      0      0      0      0 
0 -1 -1
     0      0      0      0      0      0      0      0      0      0      0      0      0      0      0      0      0      0      0 
  7789   6379   7305   8637   6867   6467   7665   8611   9118   7889   6705   7447   8930   7758   7421   8018   9357   8689   9069 
 17236  13361     86    174   7305   6467   6379   6867   7789   8637   7889   9118   8611   8930   9357   7758   8689   7421   9069   8018   7447   6705   7665  11599  26241      0      0  65535 
     0      0      0      0      0      0      0      0      0      0      0      0      0      0      0      0      0      0      0 
     0      0      0      0      0      0      0      0      0      0      0      0      0      0      0      0      0      0      0 
     0      0      0      0      0      0      0      0      0      0      0      0      0      0      0      0      0      0      0 
0 -1 -1
     0      0      0      0      0      0      0      0      0      0      0      0      0      0      0      0      0      0      0 
  7608   6281   7244   8463   6705   6299   7546   8327   8704   7386   6367   7350   8743   7507   7144   7762   9177   8607   8853 
 17236  13361     86    175   7244   6299   6281   6705   7608   8463   7386   8704   8327   8743   9177   7507   8607   7144   8853   7762   7350   6367   7546  11598  26249      0      0  65535 
     0      0      0      0      0      0      0      0      0      0      0      0      0      0      0      0      0      0      0 
     0      0      0      0      0      0      0      0      0      0      0      0      0      0      0      0      0      0      0 
     0      0      0      0      0      0      0      0      0      0      0      0      0      0      0      0      0      0      0 
0 -1 -1
     0      0      0      0      0      0      0      0      0      0      0      0      0      0      0      0      0      0      0 
  7507   6211   7211   8369   6630   6224   7501   8165   8552   7266   6269   7319   8650   7412   7034   7683   9071   8562   8744 
 17236  13361     86    175   7211   6224   6211   6630   7507   8369   7266   8552   8165   8650   9071   7412   8562   7034   8744   7683   7319   6269   7501  11580  26239      0      0  65535 
     0      0      0      0      0      0      0      0      0      0      0      0      0      0      0      0      0      0      0 
     0      0      0      0      0      0      0      0      0      0      0      0      0      0      0      0      0      0      0 
     0      0      0      0      0      0      0      0      0      0      0      0      0      0      0      0      0      0      0 
0 -1 -1
     0      0      0      0      0      0      0      0      0      0      0      0      0      0      0      0      0      0      0 
  7486   6182   7200   8347   6614   6208   7493   8146   8537   7253   6258   7314   8622   7394   7010   7671   9046   8546   8718 
 17236  13361     86    175   7200   6208   6182   6614   7486   8347   7253   8537   8146   8622   9046   7394   8546   7010   8718   7671   7314   6258   7493  11590  26245      0      0  65535 
     0      0      0      0      0      0      0      0      0      0      0      0      0      0      0      0      0      0      0 
     0      0      0      0      0      0      0      0      0      0      0      0      0      0      0      0      0      0      0 
     0      0      0      0      0      0      0      0      0      0      0      0      0      0      0      0      0      0      0 
0 -1 -1
     0      0      0      0      0      0      0      0      0      0      0      0      0      0      0      0      0      0      0 
  7484   6183   7201   8347   6613   6209   7492   8147   8534   7254   6258   7313   8618   7394   7009   7670   9044   8546   8717 
 17236  13361     86    175   7201   6209   6183   6613   7484   8347   7254   8534   8147   8618   9044   7394   8546   7009   8717   7670   7313   6258   7492  11628  26250      0      0  65535 
     0      0      0      0      0      0      0      0      0      0      0      0      0      0      0      0      0      0      0 
     0      0      0      0      0      0      0      0      0      0      0      0      0      0      0      0      0      0      0 
     0      0      0      0      0      0      0      0      0      0      0      0      0      0      0      0      0      0      0 
0 -1 -1
     0      0      0      0      0      0      0      0      0      0      0      0      0      0      0      0      0      0      0 
  7486   6183   7201   8347   6613   6208   7492   8147   8533   7253   6259   7314   8619   7393   7009   7670   9044   8547   8718 
 17236  13361     86    175   7201   6208   6183   6613   7486   8347   7253   8533   8147   8619   9044   7393   8547   7009   8718   7670   7314   6259   7492  11622  26254      0      0  65535 
     0      0      0      0      0      0      0      0      0      0      0      0      0      0      0      0      0      0      0 
     0      0      0      0      0      0      0      0      0      0      0      0      0      0      0      0      0      0      0 
     0      0      0      0      0      0      0      0      0      0      0      0      0      0      0      0      0      0      0 
0 -1 -1
